78 SGIENTIAE 1151885188.

18171. E' 151111885158115 5. 1151111111. 8551. 555Ι 8111111515 811-8) 551551 IMfl-m.
1838. 8. m. K. † ‹ 8.1
1838. Η. 1155555555 1155 8115585155 11. 11851 1857. LJ ’1155555 155115 55 85511155 8581551555,
8551. 1835. 85· 1115 58111555 81 55511555. Τ.1-4. Ptr- 1818-11.
181875 88551185118515151515151155855 8..11
55 1115 115155 51 15518815 51 5555. 8811151818 18588 T. 8515151111 851551555885551118858- “
4. ⁴* 11581855 855851885111185 (11155118. 81581 1151.
1141. 1141188511 115 1185511515 11518. 11151. 551111· 1814. 8. 5. 58115 1555. 51815515. 4. ⁴
155. 1811. 4.5 ’. . 1851. Ρ Τ. 1551515555 5515958558 555 818511
1841. 1. Ρ. 8551555 78811111818151118818 15151718181811811115555181111111181-
585 1555118155 51. 11551. 115 1158. 8155815. 1551 555511585851158 5. 18511555155 81151115. Bd
1815. 4. 5 1.) Wieu 1818. 8. (5. 4 15115.) ¹*
1841. 1. W. v. 81115 855 55518815115 85. 1. 1.18111.1.155115585111.515(.1181158 8555155515
11118851. ’11111111511 , 155855151851811155511.Ρ 815111 Τ11.1.1.
8848111511 8181551158 813. 11855511 1818. 11551. 1820-31. 8.†
8* v, 1815115.- -r--2teAn8Ber118388-1·
1844. (1815551515. (1515511 8851511515 555 1811. Ρ. Ρ. 8511855115511585858151511.1.1.
seham- 555 55155 5155818551115 8551115585. 851115 1833-34. 8. 5
118151 1515118511,11851811111851511181111 1861. E. 1111555551155 15151181 551· (31151515
815555. 855185 1815511585 111. 1851. 8511, 1881. 85551. 51111. 11. 8155118 5111. 8551. 1833-11,
1841. 1. 8. 51111551 158155 515 85855515 1555111555 1853.- -.85 1. 1151115 451. 8511151831
111815185151 15 88111555. (8555551.) 85511. 1818. 8. †
4.1 MT wizam (1151115155 555 (115115. 1555555·
11148. A. (1.8. sunm 51515 55 551555 fluidorum 515518 81185115. 115 558. 8551 1818. 8 †
5115158151 55551115515111585. 1838. 4 5. 8855. -,·. ·- -· 3181511 1185118358. 1·
1511. ¹* ¹ s 18151. - --5185511Ι 85111838. 81
1847. 8815555 85518155 511 1151511118118555 11 1881 11555511 5585 85555 5111151555 5151551·
5151555 5155155 8855555111155. (8115. 5515551 58 5115585 5155151551115 85511835. 8*
15581511551515511511555.155151815..)4 8 1817. N. W 5158111111 8551585155ώ55 1515155511
5848 1. 14. (1 85511155. 11185115 555 1155111855 55581551181511151185 5555551511.8551.1831
5585551818151155 55 8555515581 55 1581515155155 4. 5
185 55555 5511555. 18111. 55 ioum. 55 155515 5515- 1888. L Gmm 115551. 55511555515811518151515 f
’188115.)(Ρ5’555)1881.4 ¹* 851.11814511111811.51118118.1 ¹
1148. Δ. 85115 88155551555181155 151151. 5. 1888- 1888. 5115511111.. 15151. 51158551. 0151115
1814. 51551181138415 ' . 11181.8155111.5185115..8551.181185 ’
1851.5..1.155555 115188151151558151511 8555885818 1871. 8.1”.8151115511585515111115515185885111 ’
et Romanorum 8851151831. 81 181155851811158551151115811. 318 Aust

5851. 1151115511 115158518ςῦ515 1181515581 unga, 85. 3. 4. 855511. 115555. 18138. ¹
m· 18155. 8551. 188185· --—-—-

1111 11811558 115155- 5151515815515115 55 5515155181 18711. 811555 81851551581551151558151815811.
1181515818,1111111111 5 ’1551518151 le 85. 1. 1115518 1181. 8851. 1838. 81· ’
51558518 55 Ant. 1155 15555111Τ85185 1788187111. alam 11515111. 585 558155 8115551511 1
8 ’5 155.(5151115155855115115551585153558851. 1818 ,

1858. 5885111115 1115151185111511115515555811,8.1 ¹
11118 518 8111111118, 15818118 585 8151111 15151811, 1871. Ρ. 81555115 155111 555 855511 par 155511
811585 555 1555155851115515551815511158158511855 11515. Τ. 1.1.Ρ55151834.8.’
155181585151581815511811815115111585111515-1873. 1118111151 881185558555111811111115
1551111555. 11555551 1834. 8. ⁴* 1515151115 regno 55555155 5555115585 transmutandi ³

1854. 1. 1. 11151111 1181155 585 (15155555 5 15185- 8151115551555515.11155.8555.181111.1
kugdn 55 1551585111. 8551. 1811. 85 1874. 8118551555 1118 8515551585 5. 58585 An· 1

---·- , 551555511815111551551551555551555511518 415 1

5 1.1. 11155, 181515. A. 1511111585. 8551181118 ’
1855 55151551 atque 81115,1511551151815555155- 5118151551 (155511 1151555 111511 1111155551

55551. 8.5551. 1571. 8. 1151585115. 11515551. 85151511 5115155 5. 5. 511511
1851. 18158155158551 8515811188 8151118515111811

buch 5158818185 (1155118, 111855181181555 1875. 8151115515 5115551111 8551555185 515-

d 8511551818551555511555515511111. 851-3. 51885111155551111555551515115515.Τ..11.Ρ5515

8518815815(51.5111111815818111115115155 1811. 8. (5. (11511- 15.) R.

 

