HISTORIA. 129

4851. 1.. 5. 1555555 Palem 515 8151551558-555555· 1111151 5155 58. 115 8515158555 155 haugen
ρ81558·5151151155855 ’15551558558 mr 1151555151 85155855 81511551181885. 8.1
(155811558555 551 1511555515555. 855115 lm!

1851. 5151155555 1155515115515555551558111-

51555 5. 155 555585585111. 1551555155 15 15155. Τ ¹¹ ¹ ⁶ ⁵ ²
8551183181· 18695. fl. 8515555555 1155555 Chronica ’115511-

1851 A G. 85555555 155 5515111 5551551111 penes 55855 551155, 555 1155155 55185 85558515855.
5515085811, 5555558555551551515515 1515515 155151115ω. 151 M.

115551 absquo periculo 15555115515 551555551155-118698. Τ. 8555555555 1855153155855111551555515-
5511855 551165555 syngoga 8518555555555. oum gel. 15515555155115515511585555115555553515.
1619. 811- 555555151151051151. 85511511 1681. 1. 1

1851. B. Mmuowm Facundia 551515 15 ’1151155555 18111. 1. 5115555555 (1555815815155555555155855
Laudationis 8551515555 8585551155158555581555 1151585. 2151515581. 1-1. m. K. 15518 1811·-
1515551555551155515111515518555. 1555551161. 86. 8. Ι
1. 11. 18115. 5155555555 85515515515153. 2151555.

1855. (1.11555555555 81515515 551555115 5551555 8551. 1811. 81
5555115155155, 115551 1555155 1111555155 555555· 18118. v. 1155555555 155115 555 15 guerre contre
rumque 5555155155555. sandomir. 1111. 1. 11. 15515555. ’15515558 81555555 8551. 1886.

’ · 8. 51588551

18115. v. (1155555 0551551585 5. 1155515515 1151555·
1855155 15 11555551858551115151. 8551. 1818.
G ''''''' 4872ka 1. 85555 1155851581 11855 115 8515158555,

1856. 1. 1. 1155555 6155855851585815855.155 8551155555.155555555151135585515511555555-
15115. 1115155558551, 515515- 5. 551155555811158 85· gel. 151855155855 1155551515 55 85155551. 81. Pe·
15558151. 8551. 1815. 8. S. 155585551881. 81

1851. 1855555 (15558. 155 551558. 8515151101. 18135. 8515555851551585581551558511855851
1. 1. 15555. (5. 8155155555) 8551 18811. 1829. Τ8. 1. 2. 8551181181
θ. † 18138. (1185555555) 1153315150555155115555115

deren 5558555851511585 851555. Berl· 555551511555. 115555 1191. 8. R.

1818. 8. .- 18135. 015 1555515555 voyage 1155585558555 15

1859. (M [1155181511 511. 15511. 1111111· 15115511515555555515551585558555.155151868.
58551551. 11555553. ν. 15. 5. Z.....g. 11555 1555. 8. - 11155 4. R.

8551. 1826. 8.·1·

18611. P. 11. 85555515555 1151155115. 65155855-
155115555551555115.111.1.5218511881. Δ .

1861. 111011101111111111111. 131111· 133111· 1811. 1558551585555 555 851851551555581155551-

1862. 8. 5. 855555 811155 555 115-1558551551 u. 155 558555551555155 5511515555855555. 115511-
8555515. 8551.1838.8.·1· 13. 15 8515515 1811-12. 8. ⁴*

1863. ’15558558 51555 85155 15558 (151558551551 4875, 155555 1515115555 ou 5555511 15 5515551555,
11·1111111111·1’0111·01111111115111111111181111111· 155155115 5115 5511555 55151115 1 1815151555 155
5155 51551. 8551181681· [5555155 5515515515 publi& 555 15 5551111 mittique.

1861. F. Bnmoun ’1581555 15 5555515555 15 15 Tom. 1-111. Parium-27. 8. ⁴·

65155, 15555111551555555515 55555555, depuis 1816. ’155555511555 5115855511515115855151551
155-15151. l. 2. 1551518116. 8. ¹* 115551 Britain 551 1551551. 1511. 1155. 111, 1.

1865. 1. L. S. 85555555 85558511515 555 51185555 2. 3. 85551. 1821-31. 1. ⁴⁸
15551515155855115556515585515515.’115518 1811. W. 1555555 51. W. 855555 815155. 5.
8551. 1865. 8. R. geogr. 11155 5. 15155. 1111 1. 2. 11. 155155 1-8,

1866. (1.1. 51155551 1155 551558155851511 15 8551. 1811. 81
1655115855, 1155815155 5. 5515515558111585585515- 1818. 0. 1155555 1515, 51555155155 8555851155 155
hung. 81. 1-3. 11511518. 1815. 8. ³ 851 1151 155 grooten 1155515 55 555 5555155155115

1861. 1. 1. 15115555 ffliuheiluogen 5855 111· 5. 555151155515.1555116111511
Neu-Athen. 55. l. 8118. 8551 1831. 85 1819. ’185 1555515 511555 8555555 155551515115555

1868. 1. Ρ. fututum 11515855 8156555 85115 185 58511551155815555555551511051111 11111111811
615 855515555 6515585511515 15558115 815155 551 15185 public llbnry 51 (1558515155 with 55155
155 858151551 1558151111855 551 1558551558511 11155155ῑὶ55 51185 history, geography‚ 1011111. 111·

11

55515

1858. [Quium 1158115 85555115581851115· 851555511151151“5555 1119 555 1555515515 11 11-

 

