1555551555 1617.
15555515551, 9999. 1911. M.
15555551515,Δ. 9., 9361.

155511, Α. 5., 1991. · .
155155, J. B.. 9938. m. m.
15115,1., 9587. suppl. 9587.
15551551.» 99.

1555515151, B. 11. G„ 9199 91975.
15551555,1. 15, 9997.
15551551, 1115551151, 59975.
1555551151, G. 11., 9771
155555, 1, 591.

15511, 1. W.. 9399

1555, G. B.. 9799.

155555, W.. 9193 9991
155151559. 1.. 9315. W.
1551555,1, 915.

1555155, 1. 11., 9999.
1511555, 11. G. 9795.
151155,1. G.. 85551. 51995.
1511555, 1. Α, 1515. 1519
1515,1. 1. 1., 1999. 1989
15515 xlv. 1919.

15511, Ρ. 9. A.. 9998.
155511, 11., 999.
15155551, 11., 1599.
15115, 8. 1, 9389
1511551, 1. 11., 19.
151155111, S. 9751.
1555551,1·“.9.11.,1999.
1555555, 111 Α, 5119151991. ·’
15551, C. G.. Μ’. .
15555, 1.» 931. 95551. 99151. .
15551, Ρ.. 9998. ’
15515555 59195. 591915 95551 53155
155551151 5969

huden, Ε, lm· mh· =
15155515, J. Ρ., 1799.
151511,1.,1911.1919 5719 5759 .
1515111 Na

151515155 canusima· 999.
151551511. 1.,991. 1991
1515515, G. 1., 9191. 9719.
1515515, S.. 9199
1551551, 11, 979 1991.
155515, 1.,119.
1551551,1.,1Μ
155155515511, 1., 9911. 9997. ³6⁴AE
155515, 1. G.. 1199. 1976. 1719.
1551151911.Ι

1551555, C. C. 1. 5., 1119.
15515151,1. 1. 5,, 1997.
15555, C.. 95551. 19955. '
15551, 95555155, 179. 95551. mm.
1515555, 1515,9995.

151155, 11.,159-111.151115-575.155511515

151155· 5. d. 111551555555151795.
15911, 9159953.
15555555 5999.

INDEX.

15151 51691. 5187. ’
1555155, N. 5.,1999, 1991.
1555, 11. 15, 9111.

155155 59995. 59991.

--- - ..η-

mlx Μ.. Vq 3393.
51, 1., (Mueller) 9755.
M.. 1. Ζ. Ρ. 11. 1., 589911.
515515, 1. G. 119197.

· 51551555 9998. .
1115111155, 1., 599. 991. 95551. 59555
115115, 15, 1987. 97995.
115555151 199.
11555515551915.

5155 0511551, 1. 11., m).
9551155191 1995.

· 515515155511,11’.1.,1959
5155151155, 1., 11915. 11911.
1155551151 51791. 95551. 5179551.
515151, D· S.. 9911. 9915.
1111ν15,1.9.,1351.5117.1111.5151.1191
51551155, J. 11., 9599.

515515555, 1., 5919.

51555ιί5 5. 9511155515.9911,1ἶ11ὴ1515555. (11555. 5

155) 95551. 591 q.
1555555115, 1., 9959.

1115555, C. W. 1.. 9999. 9971.
5155515 5595.

1155551, 1.,1796. 1797.
1155555,1. 1, 9999
51511-1115515 5617-5899.
1151155511999.

15515, 9. Α. 1., 5911. 5989. 599). 5ῑῦΙ
1555, 11, 9995.

515555, J. 9, 1919. 1995. 11511355.
515155, 1., 9939.
11511155151,0.,9551.
515151 1999.

51ιί11551, 11., 919.

51511155, C· G.. 9597.
91515151 1919.

15515155 51795.

51515155 5199
115155555111, P.. 1911,
115151, 15, 1911.
391199115115 11., m
11511555 555151, 95551. 1999 m.
1951115515511,1., 1199.
11515515 1119555 5115.
1555515555 9115.

Ι11155, 11. Ρ. G. 51. 15, 1937.

1155551155 5177.
1115511, C.. 95551. 911955.

155155, 5. w„ 555.

19555115 19955.
5155551115511,(1. 1.,1999,
1115511151, 8555159991.

 

