HISTORIA. 117

861766676611 6716616, 8666676616 616 8161611171 mmmmm. 8611677716 7111711 66661676
8671616166, 6116716676. 6. 86671661 667 7161176666. 866166 1116166616611676 666 7171166116. 81716
61661’116111.1880.8.1 1786. A*

4396. D. F. 8666111111 86116-81661611, 676 666661- 48166.(7.17.861666117.6116616616616761666. 1766-
667666-1111761716661711666666 7666. 666666 616 1661 67117111. 767. 7166616761. 661161666676. 716
76111861767161.6167170818.7 16617. mammam

4887. (78666616 7176 8166111166, 866676, 776· 4414 816 66 7761116111 8676111766 6611661116466
66716166- 6816767616166116 (766111616611.’1“6.71171661166 61666161 611· S. A. 816 7116 666·
1. 7. 7611 1866- 4. 8. S. 6661 66 6616111761 116116 1611 61166116 11116116. 766

161616. 8611666666 6671116616666666111716666 668166166187788.

7166616771 67117666 ’766776 81161616 1166 ssohum 4416. 816667 66 76 671111716 66 1671711716 8166611716
111. 9 Κ. 6161. 1886. 87 . 71166-7677. 1808 1. 6. 6. 1. 8. - 7176661 6786717161

4699. Τ.6611161.(7666-8171111. 8166166666 61616 616· p. 6 6667161711666611. 6. 6. 6. 7. 8. S.

6611666 66611 (766666 77116, obt 161116 766167- 4416. 7. 77161611 01666676171666 8616676616. ’76.
7166 661· (711111 8616881666. 81666 716617· ·,7761611 1. 7. 1711611116. 616111. 81611711 1780. 87

666661161116111166616111166616616161111.1111111111 866168617616116167616671.1116
61666 71766 6 116. (1111. 61 81161.) 71166766 1671 6186767161 6661661761 Frisiorum 761618761661 61
4. ¹ . 7716167111 6661761 1116111616. 71666 611. 1616.

4400 (7. R 8161111766- 1611177661 [ἱμευίηω 1111617-7111.11
6111176 17. 6661· 661 6171 6661 17111611 71666 661· 4418. W. 8116611111. 8. W. 8611616 86666. 6. Geo-
666661666666166666666681681616. 7167661717. 61166761.Μ61761161166,111. 1111616. 66111886.
8. 8 ι 87

4401. 8. 1111661611 8176161666 16 716 8166176666 4419. Kc F. v. 61761111 76666666766161161111-
86666761.1.6.1.4.(117161611616766.·)7 17166611 8666676611 1111 8611666116. 1111-3

4407. 8.17.8661161111611 1161 unm 11 1761716616 6667. 1877- 86. 8. 7
677111 66711611 ’7667766 6711177611 6166461661. 11417 4480. [1667166667. 81161166 (766711716 7111611761,
7886. 767. 7 . 7761166611 66 8611666616 111. [16111 871111· 16116111·

4408 A. 71611611 76611616 866766166616 661167- 6671171 6611686116 7111166186666-661611716661 7166
eum, 6166611766666. 671611 7671776666 6666 816611· 766616766. 71161661 1766. 8. S.
811618666111167671671166.8161116661668611 4471. (7 (7.866611111166 8111161. 8611111111

14114.1)11(1161676117111 666 8611668617767676671611 6861167111· 16 77761616. 766661111611168171611
11616116176161111668. ·, 11761368. 777111116183’1”.817

4406. 171116 771661766166, 616 86676766- 06661166 161 4477. 8. 8111661116 8666676116 666 8166166611

77661661. 81166 8166166 66668666. 7167616661 6111666 661. 7 81111. 1807- 3. 8. 8. ·
1877. 88. , 44781. (7. 811661 8161616661. 1111666611 616 176

4406. ··- ·- ·- 8116716 6. 816 ,761661616667761611 6716 81611671661168166666667161111716661167616676
666 1878. 8. 8 ’ · , 1166166 867111. 161-6. 176116. (1761.) 8. 7
4407. 66766666161166111666678611177161116661 44786. C. 8116111611 8616676616 666 7716666661

861617166168666161766111666. 1. 1 1818. 8. 8. 816616761761661. 8616618388.11 .
44081. Autumnum. 6661177166 661761666766666 4471 1661611111 1661617161 1711· apli-imi
716 77611661. 811111111- comem Geuwbme 81177. 6611766177, (71616171 866661611171, 67111166
6666 676 1766176766 661 861161616116166 616.’.666116111611. 8111161838767.1 ’
876 7116661616 16 6611 86616116166666168114· 4476. Busan 6166661666811161. 666 66617816·
61666. 18848. 8. -,· ,, z 661 76116616761116 6111 6116616616 111 1166661. 71611.
44086. 116661 676 (71116166 161· 7161616661 771676· 1808. 88.
1616116 6661 7711661 811116 8116616 8166671111 -·-·“-···-
6.81161166.77..)6611.18718.8 ’ ,
4409. J. 8. 1111116166 6617617111611766667411116161 Β ““““““

61 61767661 616666671166 7661766111. 61116664 4488 71. 61666661 6776616. ,1667171 7. 6. 86·
1117. 4. ⁴* 111766816666661866171.811616.661-18.-

4410. 811116 716 6666167666 76 71167771 6611111766 116611611611.111.1-6. 6611. 7880-86.
1116666616 1171611. ni· (8411) 1871. A* 8. 7

4411. 7. 7161611611 711 pannonio 11661717 7116671 4477. 8. (7 66616661. 7161 66166666666611 (7666-
disquis. prior, 61116 6667111 11176766 61666 7116616 6. 8616016666 77111666 6616666616 &ambuans
6766676616 666111171.8611.1767.4.1 6166161616664. ⁴* .

441877. 7761111611 66 Avi 66177 66671 7761616176. 61 8488. 7. 17. 7166111111 6616611666716661 176666·
7166671. 7666611171 1616661716 761716 611161661616. 77676. 611611 (1687). A* ··
61116616 quidem 66176611, 1611 666 8161117611 76 4479. (7.81611116161 61161668. 11111161 rap.
1766111111 6111611616 611176. 8616161. 16864. 1 87116171 muchium 16 61611611666666666111666·

 

