THEOLOGIA. 71

766. Ο. 1. Annon 111613111611111116111116· 11111169-11- 1611 111111161111111111111.
113111111111111113 1874. 11111611 1874. 8. S 11116.11.1.11.19,41-48,(1111111) 6111187681·
766. 6111111 01111111111161111111611111. 791. 6. 61111111 011111111116111111611611
1911161311166111161111111. 6111118666 1· 6117161111611,111161111111311111 1116111. 6111.
767. 6. 1. 6111111111 6111111· 1. 611111 611 Le- 1866. 61
61111 17 1111613111. 6111. 1861. 81 797. 6. 11. A. 11111111 1111311111 6116161111611
'm 6. f. 6111111111 Du 11111 111 (11111111 14 811111 eones. A 6611111-11116. 11. 6118, 1-
111613111 11. 611 cuch. 1111111111. 111111 11111 11. 61111667. 61
1111613111161111111111111. 1111118318. -1 763.1111111111111111111111111611111111111-
769. Δ111111111111613111 11111116 6116111 611011· 6131111. 61161111. ’11.1..7. 11111. 163661·
1111 11 Berlin 31111111 111 6111111111, 6111· 794. 1761111111 1111613111.6111111.6-6.6111.
113111. 6111183761· 1877-67. 8.·1-
779 1111613111 111 611111111111116161111. 661. 796 6. 611111 011611116116111611, 11131113(
-A 16111. 1836-36. 8. † 11116 1111613111. 6111. 1836. 8. † ,
771. 6. 6. 611111 11116131111616110111111111111, 111 766. 1. G. 11111 1111613111, 1111111111. 6110111111·
131131111111111661111111.Τ1.1.7 6111186161 111116111 1161. 11111 11111. BA. (1 11.) 7. 6111.
777. G. 1161111 11111111111111111111111111- 1876-39. 81·
11111 (1111111111 - 1111711116. 61111836. 81 797. 1. G. 11111 01111111616111,1113111111·
773. 11 Boon 1111613111 1111111 811111- 1116 1111- 111111111111 1111111111 6111. 1837. 81·
1131 11161611 11111113.1.6.6111111.1“1.1.7. 796 - - - 71111. 1111116666 †

6111. 1869. 6 1· 769. 1. 11. 11111 1111 1111111111111111111111. Ain
774. C. 11. Coum 1116131111 Ab. 3111611Ιί111 1111116111111111111111.1161.7.11111.1834.66.8.·1
1111111111111111111111. 611-6. 61111874-79. 899. 1. G· 11111 011111161161119111111,111·
61· 3111111-111111111111111111111. 6111. me. A†
776. (16011111 011111111118111. 1111613111. 891. 1. G. 11111 61611111 6111111111311111.61·

6111183161· 1111111611Τ11111. 61111836 8. †:
776. (1110111111 111161311116. 611611111113 897. 1. G. 11111 01611111141311 Batrachum
611131111111111111 11111. 1868 8. 1· Ab. 6117 8116111111611 111 6, 0111111. 8161111111.
777. (A 1. 011111 1111111111. 1111613111. 66. 6111166711. †
1. 7. 61111866 8. 1· 898. 611111111111111116131111116116118111111111·
778. Ο.1.0111116111111111111111111,(61111111. 3111111. 6111186161 .
11116131. 6111. 1836. 81· 894. 11. 1111111111 1611. 611 6113161111, welche
779. F. 1111111111 11111 1111 0111111111111131 6111111111111111 11111111111111131111111111·
111161. 11111 111-16131111. 11111. 1876. 8.·1· 11111111 11111111 11111. 11. 11116131 11111. 1631. 8.·1·
789. 1. 1111111111 11111 1111613111, 1111111111 111 896. 11. 6111111111 11116131 111 1. 8111111311
711111111111161161611111116111111113111 1111711111161,161“111. 1834. 71111111. 611111
61111311.0111111111.6111.1869.8 † 1834. 8. 1·
781 1. 6111111111 1111111111 111 1111111111 696. S. 11111 91161311. 91611111. 611111111.
3111116111. 11116131 6111. 1833. 61 66111111. 61111877 8.·1·
787. 661111111161111131111111611116111111111. 897. S 111111 616116611611161111361111.
6111111111 8111111111111131111.1111118618]ι J 60111111. Bul. 1919 8. †
786. 6. 111. 1111111 61111 christus 111 3111111111 un. 6. 1116111111 11116131 111 8111111113 611
1161116111, 6116111611 1111311 11116111. 111111, 111116111111 11111111 11711111111. 6111111. 1111116111
1. Tim. 1, 16 11111111116131. (6611. 1839. 8.1 1831. 8. 1·

784. 1. 11. 1111111 0116111611161 611 1111111 899. 1). 1111111111 1111613111 Ab. 11111111 6111-
8116111111111 11311. (11161.) 6111. 1832- 8. 1· 1111 6. 1111. 8111. 66. 1. 7. 6111 1876. 8. 1·
786. F. 11. 1111111 Du 6116 611 1111111. 1111111819. 1.. 0111111111 111111131161316111186681

11 (iou. 11116131. 7116111 11110183161· 811. 1. 0111111111 6111111613116. v. 11111111. 11111.
786. 1. 11. 1111111 1111613111, 111611 11 161611, 1869. 81·

11171111 111 111111113111111611. 6111, 1811. 61· 617 1.. 0111111111 1111111116. 11 1111611113 1.
787. A 71111111 111611613111. 11116131. 6111 6. 1711111. 11. 1666. 8. † -

1629. 61 816. 11. F 17. 1111111 611111, 1111111113, 16111.
788 A. 11111111 0111111111 111111117111161111. 1111613111.1111161111183661·

11116131. 6111 1876. 8 1· 814. 1. A. 11111111 71116131111611111.,78.13111
766. C G. 111111 1111613111. 1111111111 18161.111111113116.,7..011 1877116111111111.
799. 6.(11111111 6613111311111311611111111111 111 11111. 11111. 1878. 8. †

11116 111111. 7, 11-17.-· 171111111111111, 816. F.A 11111111111613111.111181111111 6111.

6111 11111111. 1111111111111 11116. 1111119, 1837. 61·

76-76 -· 1111· 11111111 1. 6. 7611111. pred-Ab. 816. F . 7. C. 111111 6111111 1111116131111111

 

