43 JURISPRUDENTIA 55 POLITICE.

1 15155· 551. 3555555155 K. 855515855155 8551. 131111. L Τ. 151555 1115511553551155855515555

1813. 8. † 115555515555551 15515151135 55155115115515
1333. 1. 11. 1555 0115555 8551551551155 5511. (15551555. 815518555355 15153. 11. 85111-4.

8155511555 555 8555115113553 nb. 515135 855115 8551.1834.35.3.1·

15 155 8551111515555 155 15155. 8551151833 1611. 815115111551585155511553185535. 851115

81· 855515. 8115555153 155 85511, 515 15511511355

1333. C· (1.1. G. 85555555 85511551 155 3551511· Corps ’55 15551555. 5. l. 1131. 8. 8.

115155 815535155555511553 115155115155515. 85151 1111. 85155155 11155115 1151 1511. 85155511553 155
85151155. 3. Aug. 5515151555 1515535. 855115 855355 8511. 855515. 811155551511515.5. 1. 1131.
5. stettin 1811. 3 † 53.

1334. 0. 8 8. G. 85555555 8551155 551 1155115135 1333 115155 fideicommissa 8155 81115 55 555555
55 15558551115535515111.815535155555511553 855153515555515555811355115155.8551151831.
8551. 1833. 81 81·

15555111155555153555555151555151-1114. 15555155811115355315515581111,55515155
tendes K 855515. 35551555 555355 155 8155351- 15 85551555 115 855111151555 55155155 155 (1515-
8155551. 1311551813, 5155111. 15155115 55- 155555 5. 855555 1551515111 8551. 1311. 4. 8.
35535555551151555155855551555355.31. 1155115511555555551551 55 551555 3555511551 111513
51318318* 851515151 1111515111. 115155 3515155511515 551

1333. G L. 8. 85511. v 1155555 85151851553551155511515 85511555111151555.115515551 1316 1
555 151555 815515 553555555155 5513585155 815555, ’8 8. 1
5511 1555551553 551115855111151555 155 855515. 1318. 51. smum 8351515 155 855515. 1155555115.
stuta 8551183181· 1153151. 1814 8.*

1331. 8. G. 85555555555555 3555551 155 (1555155 1311. J. 8515. v. 3555555555555 85155 1155551555
ι. 8555515553551553551558155555-5. (15155515- 5555555.1555555551151Ι15115515855515553. 8551.

8155555. 15 55551 111151155355. 13553. 8551. 18138. † 51. 1351.
1831, 8. † 1313. 8. v. 115555 85115135 155 8835155531. Ge· ¹
1338 8. G. 85555555555555 111535551511555155 55111515515155 1. 8535155535· 551 8555151515-
8155555. Τ1. 1. 1551151553. 11551. 1834. 8. 115115535855551555855. 811. 8551. 1833. 4.†
Τ1. 1. 3. 85511831. 35. 3.·1· .1613. W. 8555. 15151155511155553118111555· ;
1333 311455558551115115151585555351553 511515. 8551. 1813. 8. † 1
115. 8555515555. 8551. 1331. 8 † 16331. K. 85555555555 451511. zum (1555113515-
1313.18855555115515555351515151111858511- 151515 155 Monunio-Commu. 514831.
Erbehngu·8tellen. 35511831. 8. 151. 1163. 4633 8551. 1818. 8. †
1311. 11. 8 . 1555555551 (1555151155 1. 855515. 81511· 1311. 15555 85511551 ἱ 051555515-11555515515155,
5. 8353555515. 85115 1131. 8. ⁶ 51. 5551551585 855555555158553 51155 8555155, 1.
1311. (1.8555555555 851551153555515811115551· 351115551151-11555115155 8538555355 515. 1515.
5553. 85155511553 1851511151 8. 85511855- 8551. 1813 8.·1·
555. 8551. 1318. 31· 1333. 1115815515 8511553 5. 1551555 v. 31115553
1313. 8. G. v. 8555555555 1115 855515. 811115511- 155 8515- 81555- 5 1851155555115155 8551. 1813.
5553 5. 115 1555515. 355555515515553 551181151- 3. 1
51511 551 115 85151355 555 V. 8555555 5. 815551- 1633. K· L· 11111111 115151 1115 5355511515 (15551535-
1515. 8551. {mm 155315 85551555. 8551. 18318. 1·
1314. 885555 85155 115 855515. 8111155515553. “—
8551181381· 1334 85515511. 815515 8151155515 8551515553 551
1315. Der 85115555515515, 55155· 831511555. 85153- 115 8555111553 155 155115- 85515 8551151313.
51555. 855555353. v. 515515 835131. 85555155 8551. 8 1·
1313. 8. -1- 1635. L. 1555 8515511581515551555 1551511553
1616. 855551153555551551155558113553155815515- 55511155115311535 1555111155351515551155
5. 0555555155151155, verbunden m. 5. allgem. 515111. (15551135355355 151135515111151558351
Sparkme. 8551. 1831. 8.† 151- 5. cassen- 185555 515. 8551. 1833. 8.-1·
1317. C. 8555555555 85155115555 15581511155551- 1333. 85155 515135 8553181515551555, welche dor
5515155855515811115.11Ιο111.4553. 8551. 1333. 1551513553 155 1155115 555 155 (155151513155 5551
8. † der 855515. 81555150515553 5513535515155. 8551.
1318. C. 8555555555 1151551. 855355 015151 115 1831. 8 -1-
8111155515553 benef 115 355155 5155 85 115155 mammen 0151155553, v. 5555. 1313.
’ 811115 513551 8551. 1335. 8.·1· 1331. G. 8. (11551115 1151111 155 8515555515535·
1613. 1115 855515. 8111155515553 v. 13. 855. 1318. 85155131551558555381511-855555555. 85511331. ’
55151 1. 5551115155 8111155515. 515. v. J. 1). 8. 81· ’

8553135511. 8511885131· 1638. Δ. Δ. 8. 11555555 1155515115 55 855155. 11155 ,

 

