INDEX.

Theognis 8887. W·

1188111181 mutinum 81731.
118181111111 8373-83781.
1188811118111 811811111810.
1188111111 8147.

1188118 1181 81181111 3831. ·
11118111,1., 83. 783. 838-843. 34843

11110. 11, 3111. ,

18111111, C. 1., 3343. “
18811111, C. 1, 3137. 3344. .

181188 que 18811811818838.

1111111111 118 11818111 3788.

1111118111, (11.8, 3138. .
1111118((18111111118) 1884. (Cha-ipa) 379.Ι

1111111111 Ananim· m 1811111181 5161111111· 111111811811 83 81. 4878.

118 1181818, 8181181311.
11811118, G. 1., 318.
118111111138.

11818181, 8181133481. ’ ·
11111111,1.1.1., Mb. We. 1413 14371.
1118111, (1 A„ 1478.

1113111111, 1), 4488.

11181, Ο, 833.

111818111181. 8, Μ.
Τ11111,,1..1771

111811, 11. A. 4314.

11181111, 1., 87. 8317. suppl. Mn.

1181181, 1. A· 8., 371. 88. 487. 418 417. 831

111 su. m. 1111 1,,,1 111..
1181111 3377.
1181111 Aquino 848. 848.
11811111 11811811 188. lm.
1181111111 143.
11811181, 8., 1133.
1118118111, 1. 8., 8718.
111111,1. 8., 3118
1111181.1. A, 4833 ·
11181113118133-8138,
11181111, W. 1, 1738.
1111111, 1., 4748.
11111111, Α, 8388 8383. 811181. mm·
11881, 1., 8183. 81831. mh. 8133.

1111111111, 1. Β, 8338
118111111118111884431-8.

' · 1181111818111, 1. 1,,8348. 8318.

11818181, 1., 4888.

11811111, 1., 8871.

1111111111, G. 8., 3848 3848 4184 m.
Triegler 181 11181111, 1. G, 31811.
111811, A. 1., 3433 3488. 8488 3488.

· 11111181181,1.,81181.1871.

1181111111, 1. 8., 8344. 8333. 8137.
1181111111, 1. 1181181. mh.
11811118111, 1. Β.. 511. m.
11818181, 1. 8., 3773. .
11818181, 8., 14881. 3843. ·
11811818, C· 8. (1.,1488
1118118181118118.
118111181,1.1.1., Am
1111118111, N. 111, 1318.

11811, (1, Am

11181, 11. v. 1181.

1181111018, Η. ct, 858111,
,11118111111, fl. 4374.

11181181, A. 11. C, 877. 18181111.
1111811111, 1., 3787.

17188, 11, suppl. 74111.
1111811. A· 1., 847..

1111811, G 1., 848 ’

1183881111, 1., 3848 M· 3181. m· 1188 Tmhwstffiffi.

11811, (1 1., 313
1111118811. (1118, lm. 1437. 1448. ’
1111181, 8., 8788.

11111811, 8318.
118881111181, 1. 1, 348.
1111181, B„ 838.

111181, S. A. 1., 1388.
111111, G. (1., suppl. 133311.
11111111, 1. W„ 14. 4144.
1111111- 1. 1318111111 4717.
11111111111 4718. 4718.
1811181383.
18881811118,1. 1., 4387.
1881111 3318.

1811111,1., Suppl· 834811. ’
181111, 8., 838.

1811111, 1.,1818.
1811111188,11.,41811.
1818111118 11. 811111118118 4831.
18111111, 8 0., suppl. 488311.
181181 111118, 1). 118, 8778.
1811181, 8. 111, 8783. 8718.

8.1.,1.11(1.,1,)1111, (8111118) 1111, (111
118111) 831, (11118181) 3814, (1811111) 18380111·
8118181111) 4783.

Ι1181111118111-(1111181 4188

18181181111,1. 1., 8873.

1111811111, 1., 88811. 818111. 31411.

111811 3883. .

1111111111,(1,188.

8118111118,11. (1.1, 1813.

Ulpianus 1348. .

11111811,(11,1888

1111181, C. 8, 4881.

1111181, 8, am w.

11111811, A. 8., 3883.

88111811, 1. W. (1, lm. 337.

1115118111 1. 881111 4888.

8181811111, 1. Α, 3473.

18111111 d. 118111. 1181118111 1881.

118111111181111115131118 11. A. 1.,81111.

 

