1611ΕΧ.

6111111, (1., 66661. m. ' 61116111, (3.,(1 6651..
6111111111, 11, 151616141517. 611161111 Eun goliat· 5716. 5751. .
6111111111,6.,666. . .. .: 61116111, W 1111656. ’ . . .
6111, 6. Τ, 6111165111. . 6111611161, 1.,,1 6161.
611111161,1.,6616. , . 61111111, Τ, 1456.

6111111, 1., 1157. .· . , · 6111116111611,11, 1769.
61115665. ’ 611111, 6. L 1., 4666.

61111111, Ρ, 54616. 61111. 46661· ’ , 6111111611, 4457.

61111111, 6161111666. . 61111111 1661111611 5117.

6111111, 6., 5666. ’ . 611111111Ρ111111115655.

611111 1665. 61111111Τ11111 6661.

611611, P.. 5776. , , , 61111,11., 166611.

111111. Ρ. 61,1166 , 61111, Α. F. J. (1., 6661. ,

, 611111616111116661. · ,· 61111,1. (1. A.. 1966. 6666. 6161.
61116111, P.. 61111111. 6661. , 6111111111. E Τ, 666. 661 4819,
61116111111, 1., 6411. . , - 61111 11111, Ρ, 556.

611111, J. Β. Ρ, 6164. . . 61111161111111116111111 6616.

6111111111775. · 61161111, 6. 611646 . · ·
611111,(1.1.1.,16671.·. 611111, Α, 6666. 6666.

6116111111, Ρ.. 661. 676. 676. 766. 761. 766. 6111111,1.1“., 1666. 1665661666166616Μ.

76611. 664 665. 1616 6666. 47416. 61111116111,1. M. 611111. mp.
6111111,1., 4156. . 61661111, W 6., 6677.

611111, L.. 6111166611. 6161111, F (1., 6665.
6111111111, 1.,111. ·. , ». meditationes 16111111. 1111114667
61111111, Χ.. 6654. 6111111111111 66661. 66656.
61111,6.,666.667. 6116111111, 1.,1111. 4116.
6111111111, 1.,1666. 6116111111. 6., 661.
6111111161, 1., 4661. - 6111611111, 6.,1176
1111111111, W.. 5575. 5761. “ . 611611155666.
6111111111, Ρ. 61, 1166. , · 6111131111, 166. 6661.
61116111, W.. 1656 61111, 6. F.. 666.
6111111, 6, 566. 61111, 11, 1165.
61111111, G. 1.,1666. 61111, 1, 1666.

6111111. 6. P· 1., 1616. 1166. 1167. 1116. 1177. 6111111, (1.,1676.

1167. 1666. 16116. 1666. 61116116, 1. Ν, 56611.
6111111,1. 6., 6664. ’· 6111111, 6. 6, 11661117. 1146.
611111111 61661. · 61111111, F. Α.. 1156.
611111111 6111111 5666. 61111111, Ρ. Τ, 6659.

611111, (1., 1666. 61111111, W.. 6516.

611111,(1. Δ.. 6566. 6111111, G. Ρ. 6., 1666. ,
6111111111, 1., 4671. · 6111111, 61. 1,1111 ,
6111111, C. 1). A. 166. 11111111,1.1.1.,111.1111
6111111,1..,6661.6666. · 611111611 1666111111. 166.
6111111, (1. F. P. 1., suppl. 6676111 , .. 6111611111, 6, 5566.

6111111, 6. 1., 6116. 6716. .. 6111, 6, 5616
11..1,1.1..1111.1111.11111111. “ 61111611,1“.,1616. , ..
61111111. P.. 6616. ι Ι , 611111, (1616166.
6111611111, L.. 6665. , ’ 611111, 1. P. 6., 6461. 6166. 6565. .
611111,1. 1., 1666. · 611161116116 665.

6111111111.. 41766 1 · 61111, 1. G.. 614.
6111116116,1.. 4461. 61111111 1666. 1661.

6111111, de. 6646. 6111111111 (61611) 1167.
6111111111, 1. 6., 656. . 1111111111 57. 11661. 1166.
611111111, 6. F.. 5666- 611111111667.

611111,1. P.. 6646. 6111116611 (Paulus) 151.
61111111111166561466666. 61111611611111.-5166 , .
611111, 6. 1., 14661. . 61161,1.., 6166.
611111111,(1.,6755.6666. 61161,11. 1. (1., 6667.

 

61116111, A. F.. 4656. . 61161111161, G. Βέ66695.

 

