INDEX.

collection 6161111116 1176-63. 61 &mutim 01111111,1. Β, 3266.

1966. 011111, 0., 1663.
0111111111 6111111111 112. . 0111,11. 0., 3969.
0111111111, 0. (1, 1662. 1886. . v 0111110111.
coloni«, D. 111, 1232 , · . 0111111111 6696.
0111116111, P.. 1789. · 0111111116, 1,1929.
01111111,0.,1263.1261.Ι 0111116160 1677.
0111161111, F., 166. 6311. . 011111, Α. 1., 3266. 3317. 3661. &m
0111111111 1661. 01111111, 1. 1., 761. .
01111111111111111116 9111111. 66, 01111611011111611111· 01111111, 1. 0 11, 2787.

1116219. 6262 6263. 6269- 61, 0116 0116111267. 0611111116111111 1618.
01111111(1.16611)667. . · 01111111111611616
Concilium 0111111111 671. 71161111. 672 673, Romu critici 11111 216
571. 0111111 11 011111111-011 1196
0116111111,61 11, 3919. 01111111111, P. 61,11.611111 mm,
0116111111111161116 « 0111161111,11,619.
61116111111111111111111 0111111,1,3211.
01111111, 1. Β, 682. 0111111, J. 11., 3769.
conjugatum (P. L. 0111111111) 6612.
01111111, A.. 2927.

01111111, 11, 66666. ·
0.1111111,.1., 1216. 61111111. 96711 mm.
0111111, 11.,1111. · ·
01111111111, 6., 266.

Ι01111111, T. 11, 2311.

01111111, G. 0., 2636. .· ,
01111111,1. W. 11., 2216.
01111161, 11, 1111111111.
01111116, 11.,16911·

0111111111, Β, 663.
011111111111 211111111111111 6171.
0111111111111 1166.

01116111111111 1612.
011111116666.

0111111111111 1692.
01111111111111111111 6.

0111111, 0. Ρ, 1666.

0111111,.1. 1., 6161. 6162.
0111111111, 11.,6111111618611
01111116,1.,2192. 6111111. 2192. D ..‚ 1,, 13⁰⁰·

(1911111116,11.,6129. [Fr-...tum

0071171 5596· 1), ...m m ...⁸ m·

01777· A. 7· (7· 7777· Melon 0· 0.. 1111. 1111. 1111. 1111. 1111,

corippus 61661. ’ · 17661763.
Corpus 11116111111111111197,111111111111111213, 11- ombffll 8861,

11111 13166. -,69 Germanici 1670111111 1³³5, Dammw,fl,‚1927b
61111111111111196116111111ω, 6111111111 6111. mmm, G L. F 1,,1666 1166

1171616611. 11111111, (1.7, 6121.
011111,1, 1976. immun, 7,, 3757,
Οὓῐ1661161116669,811111114160111.1,[)17111616 1,,3703,

01111111111111116 1161. Daniel 11111. 111111 661. 666.
011111111611111111, 1111111111. num, (7.7, 8878

171111,111.,1119. -1,1)111111 Ε, 2176. 2162. 2697·
01111111,Λ.,1636. 6617. 11111111, 11.0,1663.

01111111, D 0. W, 1122 111111 1111111111 69611
01111111, 1. W. 0, 1116. Dana, Α. 11. Α, lm

0111111111, 0. Α, 1666. 1666. 1669. Dm, W. 11.,11111 1676 1676,
011111,1, 61111111. 7161. · · · 1111111111, 0., 1676.

0616111,11. 11., 1652. 111111, J„ 5768. ,

0111111, 0. L, 771-778. = -11111111166, 1111161111 17111.

0111111 3612. 3613. Dantellnng 1391. 11111111, 1639116814686.

0111111 611111-111111 1116. Dmtellungen, graphiuehe, 1626.
1111111,1.,11111.1111, 1111111.1.,1262.

0111111,1, 1166. 11111, J. 1.,1721.
21

,,0111111 A. 1. 0., 6169.

011111161311. 61316,

0111111111,0..1791.
01111111, 1111111. 111, 6111111. mm.
0111112692. 2726. 2721. mmm. 2681. 2898.

0111111111,’1.01111111,186.186169.611111169111
0111111101111) 1366.
0111111111 2316.

¹-— . a...

 

