TECHNOLOGIA 111. 87

1111111111ι 118 1111111 811 77111111. 3111. 1817. 11-8. (111. 1181 1111811181 811 8811111118·
8. ·1·. . 118111. 88. 1-3. 811118881-8881·

8188. 1111111 11111181111111111811111811111111 ms.. 811. 8111111 11818811811181111. 11111
8. Κ. 111111. 1111111 8111111111 1111811 111111- 8111111.1118·1.811111811.11111 18Ἔ.8.·1·
8111 1811. 1118111. 8111. 1831. 8. 1· 3877.8.1.1111111111118111111181111111111811811

888. W. 11111. 111811 1111111111 811 1711811111 1811 881111 1. 1111111111. 88. 1. 8111. 1817.
8111111111. 71811118. 1811. 8 8. 8. †

8881. 8. L. 1111111 811811117111111111 18 711- 3878. C. (1111111 111811 17111118811111111. 81811,
11118111118111111111-1111111 8111181181 11811188111111,1711181181111818111111. 8111.

1111111111 1111111111111, 1. 1111. 1781. 18181. †

3881 Τ. 1111111 111811 8118111 118 8111181111 8. 8878. 8. 8111711111 818118111111 881111811-
11811111111 8118811118811,118 8811881- (111111. 8111. 1818. 81 ’

8118. 811811811111 mit 11111. 8111. 181811 8888811111. 8111111111 1111111811 8111111111

ma (1.1..1111111118111111111 1818. Κ. 111111. 118 811 81111118 1181118111 8888111 8111111111
11111· 8111111111 118 11111- Tamen 111 8111. 17118,1111181111111111 8118111181 818111. 8111
1....188111188811 188881· v

¹ 8881.1.17.1.111111111111111118118117118118111
“ . 818118188181811111111111113 8111

3881. G. 11811111 11111811 18111111 1111 1118- 1881. 8. †

81118118111111811111111811 (8111111811- lni- ³682 (1.8. 81881111811811181111 d. 1118111118· ,
811. 17181181118111111. 11111. 188881· 1181111. 1181111118 1111 Ptol. 8181111 111111181

3888 11. 11111111 11111118118178811188.11111.1111811111118118118118Β.11111818811
1811. 81 . . 1111811111 88188111111111.111811111111181111.

888811111111111 1111118111 Reliqua librorum 811118181811.1118111. 8111.. 1888. 8. †
8118111111811111111811 818111111111111 8881. 1. 8111111111 81118181 1111 1111118111 1118 .
188181118111111181118111111 1111111 111111 de 1111811818. 811 8111. 8811. 18111. 8. 8.
1111111811111. 18. 1. G. Schneider. ’1. 111 888. 81111111 8111811111 811118111111111118-
11111. 1788-88. 1. 11. 1111811818. Bu 11111. 18188 8 . ’

8688. 8111111 7111118 11111 8118881111 811
8111181118 8111118111111181118118111. 17111
818. 8111. 188881ι
¹¹ ⁸³ ‘'¹²³“ 1111. 11 nummu.» 1111111. 11111..

3887. 1. Β. 171111 1111118118 1111 mammen 811111111 11111818811111811111111 1 1118111811-
1811111111.Τ8..1 118. 1.1. 188 1111118113. 11181188111811111111118118111. 1181111 113
8. 8. ’18.8. 18111111 8111188. 111111. 1881. 1111 8111. 188881·

8. ⁴* 8888. G· 8111111111 11. 1111111111 811811 1181811

388818. 171111 011111181811111811111111118- 18. 1118811· 1. 111118. 81811111111111118
8118 811811881118111111111111. 118. l. 8111. 11811181. suntab. 1881 111. 11.

1888. 8 8. 88811. 8111111111 0811181181111111818111111 18.

8889. C. G. 8111111 8111811811 8. 11181811 11118- 811771181111111181111111. 811-8111811811711-
1111118111. ’181-3. 111811. 11. 8818111111- · 81111111 1819. 8. 8.

1881. 8. 8. . am 1. G. Kom 8111111181111 81111811 v. in 8.

8878. 1181811181 81111111 811811811118118111, 811- 711811181 ’181-8. 1111111811. 1118 8111.
111111. 1. 1111 K. 111111. 81188111 811 11118- 1818-81. 8.·1·

8111111 1181111. 88. 18-80. 8111. 1818-88, 8881.8.1.1.1111111 1111 8181111111·1111118111111
8. -1- 811811118118111. 11811. 8111181881
8871111111111 8. K. 8111811111 811 81188118 11 8881. G. J. 81111 Agricultura putica 81111 1111811-

mag 111. 8111 188881· 811. 8811118188.11

3871. 1181811181 1181881811 811 landwirthschaft. 8888111 1118118.1711811118111111811 111111·
811111111111111811111111.118111, 88.1-8 111111 1. 811 8811111711811, 1111111111. 811
8111. 1838-38. 8. 118. 1· 8111. 11111. 188181·

3873. 1111188118 811 Κ. 111111. 1111111811 81111· 3681. 1. D. 11111111 1111 111181118111111, 81118111-
1111811 8811111818 11 11118111. 11811. 8-11. 1111118118181. dia 8818111118 8181111111.
1118811181111111818-3881· 11111. 1838. 8.·1·

3871. 818111818111181111811811111181811111118118 31118811111111111811111811111111111181
11111111.1.81111,11118111,1718111818· 1111111111811111111811111811,11 1111811
1111111111. 81111111 1. 8111111 11811. 81111. 81111118111111111118111111181111111811-
1811-8181811111 811111181111111. 171188. 11111. 118. 81811-

8878811111111 11111·1.1711ι8118111181111. 11811 111,1111111111.8. 113111. 81111888. 81·

 

