188 111808 X.

8111111111, 1. 8, 737. 768. 789. 4554 11111138, 5959.
8111111111.11., 1355. 81111, 1. 8. 8., 1975.
Bith, F· W· E, 483711. Β11188Ν1188 18881 ’
81111, G. W. 883. hung-rm, 1. G. 8., 8581. 81811. 3318. 5317.
81111111111, 1... 991. 8111111111, 11, m. suppl. 8991.
8111, 8., 3911. 8111511111-0111111Ᾰ.. 8.0.,949.8495.789
8111,1., (1. 81151) Suppl. 6471. 81111,1. G.. 1898.
8111111111, G. N.. 5811. 5951. 8187. 81111111. 81. 81, 4199.
81511111, 1., 3599 81111, 81, 5864
8151111. G.. 1958. 811111, 8., 757. 919-884 8111111 [sebon 881
81118, 11,, 4988. Suppl· 49881. 81111, 1³.,4.
81111 4994. 811111111111 4819. 4844.
81111111, 8., 9889. 8111111, W, Suppl. 494111.
81151, A.. 3884. 8111111, 51, 9984.
8115111111, 1., 9934. 81111111, 8., 4884.
81181111, P. 4995. 1...ω.11,11.1.,1111.
811811 81 11511811 1373. 8111111111, L. 8111 81, 9888.
81111111, G. 4., 8963 8111111511, 81, 4595.
811111115, 8. 8, 3359. 81111111 3789.
81111, Τ. 8., 1941. 9978 81111111, 1.. A, 3514. 5894. 5883.
8111115861. · 81511111, 8., 8111154861.
8118111, G. S.. 6198. 8111111,11,, 199. Suppl. 7161.
5111111115. 851118, 1., 5834.
811, (111111 81, 4851. 811111, H. ’8. 8111,9879-75.
8115111111, 51, 8111154871. 8111, 8. W.. 95591.
81111111, Α, 1994. 8111, G. 8., 1389.
8115111, fl. 8., suppl· 587911. 8111, (3.1, 9479.
811-81511111 55895. Becker, C. 8., 4054. 49951. mh. 4185.
8111111, Α. 8., 1777. 8111111, 11, 8198.
8111111,1. C. 1.,, Suppl. 978811. 81111118, W. 4157.
81111 4986. 8111111111,1., 3568. 8589. 3884.
- Burin, 0, 9974-77. 8111111111, 1. 0., 4791.
8111011. J, 39· 8111111111 9159.
81111, 88811111. 978811. 8111111,0., 5891. 5899.
8111111, C. 8., 118. ’ Beda 171.
8111111, C. 14. 11, 9145. 818111111(11111111111111)1899
8111915, 81, 2⁰77. 8115. Bm, G. 1., 9455. 8457· 8487.
11811818, Ε. D. 8., 84175. 8178. W· 8878. Beer, P„ 355.
8111111,1. 8., 4975. 8111ω111,1. fl, 1895.
841111, M.. 5874. Boset, 1.,, 5486. 5585.
Bm, Ρ· J, 25⁵¹& “ 8151181113 8118111111 mm.
81115118, 8. W„ 48845. 81111, W. 1., 1981.
11111111. 1. 1.,1111. noh ...1, 1. 1., 1111.. 11111. 111..
81115111111, T.. 81. 81111511 (18115111811111111) 1188.
8111511111,1. (1., 1114. 81151111 111 61115. 8118111511 4985, 1. Reum
811151111111, 1. 81111111. , ⁴ 11181111184781,1.1.151111511754,18111111111111
81111111,17. 11, Suppl- 494111. 1715,11811 151111551511 17811ω15111111 181.
811111, Β. S.. 4959. 8111, 0. T. ’188
8115111111, fl. J. 1, 359. , nester, 1,,51139.
31111880 1379· 13⁸⁰· 81115111585110511111 9987.

81111111 1111111, 8111111 4891. 8111115113 1891. lm 4486. 4855.
8111, 8. 1., 8776. ’ 8111, C.. 9194. ·

81111111, 8., 9899 8111,1.,9985.

81181111111,Δ.(1,9949. 8181111111, 11, 147. 718. suppl. 95411. mu.
1111.. 11,,1111 1 1111111...

81111, A, 988 8111111111, C. 8.. 5415. 4557.

81191. 111811111118111. Bellorum, 1. J. 4596. 5584.

81111, G. G.. 1945. 8111111111 (C. v. 11111) 1559, (1. Arnim) 3939,
81111, 8., 8898 3899· eine· 1111111811 4497, uber 811 3158, 811ὴρ

 

