INDEX.

rung 1194 95155 4497, 511558559155141995. 9555555155, 8., 9959

9551155511799. 9555155, 9.,’.159999
955555, 8., 959 955151, ’8, 9519. 9511. 4999.
95545, Ι). 4., 4199. 95555155455, B, 5489.

Benecke, 0, 5945. Snppl. 5945. 95155, 4, Snppi 919155.
Benecke, W, 1994. 9515511555, 1., 9.
9555415155 ΧΙ8. 5995. 895. 9555, T, 5497.

955555, 8. Ε, 1115911555. 854. 9191. 9199 9555151555159995.

3111· 3134· 955111855155999.
Bengei, 1. 4, 997. 95555555115991.
955155, Τ, 5557. 915115515155],0. fl. 8.,997.
95551141795. 9155551, 9., 4999.
955555, B, 1917. 91551 1 155559155 954. Suppl. 954.
955555, 1., 999. 915115 91755. 949551. 9555191954919554555551555
95515555, 9, 1994. 1981, 5979, 9551155 9177, 1115555155 m. 9999.
95511553115,9.,4997 915115ς5555151915.
9555555555, 9. 8., 9599. 9159515555 8515555 451-459. 485.
95555,11,855151497955. 9151151555,5555115115555,499,551115555 918, 455
95555411. W, 91199. ’ 855599555914915, 455 85951555 11974.

9555545, 0.4. W, 1994. 9911. 9919. 9995154555 Britannique 18, pnoiypngnephiqne ³2
9555555595 995. 915551, 9.,9997

Berg, A, 95895. 9151, 9., 9789.

Berg, 9. 8., 9959. 9151115, 9. 4., 1549. 1591. 1997.

955555, 0. B. 5., 9849. 915555, C. 9., 1799.

95535555, 9., 9999. 9949. Μ. 99117. 4999. 915555, 8. 4,1919. 1999. 1979
4957. 4999. 9155555555), L. 1. 5.,94119.

Bergine, 0.1,4199 4799. 91555, 8, 9999.

Bergine. J· 9. L, 1794. 9155551551,1.Η.11.,999.

955155555,9.,4899. 9155555,1. 9., 49945.

9551551 555591915955555. 485. 9155115555555 1979.

95515515 455 41545515 59, 455 95559555. Ι515. 594. 9151555555 5999.

9551155155,.41, 1994. 91145555. 0555555515 9599

95555541555459551584. 91115515, 9, 499.

955555455015555551155515175.179 9155,1..9, 4919.

95554, ’8., 5989. 91515515, A. J, 957.

955541, 8. A. 9., 1991. ΜΒ. 911155,1. 0., 9991.

955551, 1. 1., 771. 4997. 9195551151, 1. 1., 844.
9555555511, 8. 4, 5994 9155 51995. 51995.
955555541, 8. 4., 9497. 9154, 8., 93455. 99415. 99495. 9199.

1155555545, 9, 5915. 9155551, 9., 9579. 4997.
9555155, 4., 41795. 41785. 91555511, 8., 5949

955551515, 9. 9., 55995. 55995. · 91551515,1. 9., 515.
9555551515, 1. 9, 9999. · ⁴ ι’ 915551155,1, 49994959.
9555555 49955. 9155551555, 58, 1955.

955555 4495. . Bleeitee (5. 055115) 4199, pedagogum 9197, iiie
1155515555, 9.,1915 lin. 115551 195

9551551411. 4., 1999. 9799. . 1111151555, 4., suppl. 599.

955155141,1..,999. 91555554, 9., 5999.
9551155,1,599. 91555555, 8, 9915
9551155, 8., suppl.. 985955. 91555, 9, 9119.
1155555515. (1155551545) 4595, 4. 8454555555154919. 9155145,Ε., 9991. 948
Bennoi, 8.1. 9951 91511555, 8. C. 8.,,5 1994
955551, (1.1, 5959. 91551, 8., 449.

9555155. 9,189155. 91555,.’58 A, 9194.

9555551, R, 4979. . 9155951155, Snppi· 99955. 61994.
955555. 58..8, 9199. 9155555, 1.,, 1197. aiu.
951555555 85115555 A, 1499 11199. 1877. 915551, 1. 4. 41.

955555155555 (C. 1. Be 55) 4799 ..155155155.151551,11.1.,5151.
4799, 15. Amet 115555. 4149. 91555, 8. 1, 9599.

 

