88 188188888811111 11 POLITICE.

811111111111111118111111111111111111 111111111 888. 8111111111 ’1111ἠ111111 1111. ’1. 1-5.
111111111111111 11111111111111711111111111111111· 8111118811. 81111. 8.
denti-0 positivae adumaticum. 81111 8151 --··---·

1148. 8. 8. 1888. 1. (1.1. 8111111 111111 111 md, 1111 111·

818 D. 81111111111 8711111111111111 111111· 111 1111111181111111. 141 1. zm 18181
111 jurisprudentia 11111181 1111111 praelectionum 111 1111111111 11. 81111111 1181, 1111111111 um,
1111. 1111111111. 818 8111111185. 8 8. 8811111188.

m 11111111111111 8181918111 111 1111111- 1881. F. C. v· 8111111 111 8111111111118111
ι 1111811115111111111181 1111111111 11111111 v. 811 8111111115 1. 8111811111111111 8111111.
1.(18. 8111111111. 811111718 8. S 1814 8.

888. 1111111111 8111111111 initantum 11 gun- 1888 (1 (1811111111 8111181111 1. 1111111111.
11111 1111111811. S. 111 111111111111111111. 11111. 1888 81·

181. 1.. 1. 1. 11111111 111 1181118811 11111 1883. (11.8. 811111. ’1111111111111111111111
’1108111111- 1115111788 8. 8.- Priamus 11. 11 111111. 1818 v- 111111.

m (8.) 81111131 1111 8111111111. 8111111. 1. 2 1888. 8. 8.

811111781 8 8. .. 1884. 811111111111181111· 111 81111111-811111-

883. 1. 1111111 81111111111111 8111111111 oder 5111115, 1. 1. 8111111118 111 angl. 111111151-
Numa· 111111 17115, 8, 8, 111111118111111111111111. v. 1111111111. 11111

881 1. 8. 111111 111111111111111111111 Th. 1111111118111111111111111111.ν.1.8 111-
18. 1111181111118881. 88. 1111. 81 1. 8. 1111111111..ι

8881. 1. C. 8111111111 8111111111. 81111 1188. 1885. 1. F. 1.. 11111111 1111 1111111, 111 dem 81-
8. 8. 1111 111 1111111 111 1111111111 11111 amab-ehu
1881. - - ·- 81818, 1111111884. 8. 8. 1111111111 1111811881. 8 †

886. (1.8. 8111 11111111. 1111111ω11111111111111- 1888. 1. D. 81111 1111111581111115111111
111111 ’1111811888 1118118111 1181111111 111 principun: pnys de
881. 8118811111 1111111131 111 nauhu l'Empn. Τ.1-3.11181]11818.8. 8.
11111. 1111111111888. 8. 8.

888. 1111111 1111111111 111 111111111111 (Ele- 11111111
1118111111 1111811818ψ11111181.) 1111- 1881. 0111111· 181111 8111111111 8181111111 111
burg 1888. 8. 8. 1111111181111111111 1111 1111111111 8111111111
888. 1. C. 1. 8111111 11111111111111111111111 81111181111111811.1835.Β1.1.1. 1111·
111110. 1809, a s. 1888. F. ancn 81 regno 11 regi· 1118118111 libri
888. 8. 11111111 1111111 11111111111181 lx. Homlnbelignrdi 1181 a ⁵
grundnng 1118111111111. ’111. l. 2 81111111 u. 18881. 8118111111 Horologium 1111111111, 1 11
1111811111 1818. 8. 8. 1111 8. 1111111 1111. 11111111. 11 111311 8111111111
901. 8811111111 818111111111111 1111811111.. 11111111111111111111111111111111111ἰὶ.
11111111111115111811111111111. 1111111111 111111· Targae 1688. 1.*

1111111111. (11111111 111 111. 8111111111) 1111111. 18881. -..-.. 11111881. 4. 8.
1881. 8. 8. 1818. 1. C· 8111111111 111 1111111 111111 11111

888 (1118111111(1111111111111111111111111 111. 1111. 1888. 8. 8.

1111111111. (111111111118111111111111111111111 1811. 1. 1. 81111111 8111111113 11 1111811111·
8111111111.) 11111. 1881, 8 S. —- Naue mg, 111111111111. ’111. 1. 8. 111111. 1141-41. 8 8.
nagal· 1111111118. v. 1111. &m 1818 1111111 Grundzugo 11111 11111 1111111-

(1 El. 1181111 111111- 1. 1811111118, v. 1111. 1887, 111111 fiber 111 31111111118111111111111111111111.

888 F. 8111111111 vindicino 11111 1111111 ab 1111. 11111. W. f. 1111111. 111111. 1811. 8, s.
11111111,11111111111111111111111181111111111111 ¹⁰¹³· 11. 1111811118 Du 11111111 111111. 81111.
1111111111 0111111 11111111111111 81111111118111111- 1181. 8. S·

11111 1111113111. (cracov.) 1818. 8. ⁵ 1814. G. 8. 111111 11111111118111111111111111111.

881. (8111111.)1811111111111111111111111111111, 1111111. Berl· 1831. 8. ’1
1111111, 11 de behandeling m hat 1111111ηὸ1, 101⁵. (11.1. 111111 8111111111 111 num-lichen
81111 1838. 4. ⁴¹ 8811111118, 1118111111111 111111111111111-

881. 111181111111111111111111111111111111 1111, nach 1.1“1111811111111118.“ 111111.
1111111. 11111. 1881. 8.† 1. 1. 8. 8.

888. 8111111111111181111111111111 11 1111111111 1816, 8. F· 18111111 111111 111811111111111
111, 111111181181111111111. 1111111 (1.8. Titio. 111 1111111111 11111111111111 8111111. Τ1. 1.
1111. 1721. 8. 8. 11111.1. 8111119188.

881. - - 1111111111111111111. 81111111131. 1817. 8. nsum 11111111 1111111111111181111.

8. 8. 111111 111 111111 1. 11511111111181111111111 1111
888--11111.1.1.ο11111.1111.111)1111.(1181.)4.11 8111111111. 111111. 1-18 81111511 1188-88. 8. 8.

 

