lm

6111111111, F. 1.,, 2398.
6111111111, (1. 6. 1., 5279.

6111111111, J. 1., Suppl. 808911.
Grotius, 6151, 278. 396. 61111. 278111. 119111.

61111, 1. 6.,815111277511.
611111115, 1., 22881.
6111111 1. 61111. 17831.
(1111111, 1⁴¹. J.. 392. 708.

61111111 1. 111515111111111 3517, 1. 11111. 1587.

6111111151 3512.

61111111,1. 1., 3283-85. 3381.

611111, G. U„ 1811.

INDEX

» 1111111, L.. 851.

61111111 111 11111111 (1111111111) 1528.
61111111 111111181111. 1602111.
6111111116111111111, suppl. 518611.
611111111, C. 1., 1699. 3825.
611111 1. 6111111111 1125

⁴ 61111111, 11. 11. 1., 792.

6111115, 11., 1800. 8111116078116085111.
611111111,6.1., 11911. 1640. 1611. 16161818.
61511, 6. 6., 2819.

61511, Ε. 1.,1502

61511, Ρ. 6. v. 1., 5091.

611111, 0. 1.,1111111111111111. 6029. 6160. 61511, 6., 3319.

’ 6111111. 1. Ρ.. 3332. 3336.
61111111, J. J.‚ 5190.
611511111, 1., 4820.

6111111, 6., 1910. 81111 590911.
61111111 Veronensis 53191350

6111111111, S.. 1190.
(111111, F. 17.,3583,3837,
6111111,.1. 11.,1828. ,
6111111111, (1., 8383.
611111, A. 6., 3471.
61111111111,6.6.11,, 1579,
6111111111111,1. 1., 1886.
(1111111111, ss 1., 1318. 1486.
61111111, 6. 6., 1161.
61111111, (1. 6., 1175.
6111111111, J. 1., 1855.
61111111, 8., 4378.
611111, L 11.,2888,
(111111, F. 6., 2722.
6111111111, L.. 2110.
61111111, 6. 6., 1452.
6111111,1.11,10091.10091
6111111 4472.

1111111111 177.
611111111111, 11., 1749.
61111 1574.

611111115903.

6115111, G. L. J. 11, 5881.
6111111111 ’1111111083
(111111 11811.

6111111111, Τ. 6., 1398.
61111115, Ν. 6., 1398.
61111, E. 6., 2838-101.
1111111111 1542. 1919. 1911.
61111111, 6., 31191.
(11(11111113869.

61111111, 6., 3957.

61111. 1. E. L.. 1128.
61111111511111111111 8132

...οι-ωηο...

6111

6., J. 6, 4713.
61111, C. F. 1., 2862.
ΗΙ6661 F. Au, 769.

6151111111, 6. 11., 138. 6381. 881.

6111, 1., 637.

mammam

6111, S. F.. 4283.

6111111118,1938228816111111111111119221

6111-11111, 61161 1., 6031. Suppl. 80781.

61111111, 11, 1184.

6111, B.. 3927. 8185.

6111, 6. C. v.. 2681.

6111, 11., 2131. 2337. 2408.

611111,1.1.,1656. 1990--92 2021. 2050-52
2189. 2220. 2387. 2393. 2805. 2788.

611111, 6. L. 1.,1026. 1169.

611115, 6., 3195.

6111115, 6.,1299. 5128. 6057.

6111111, 11., 2289.

61111111, 6. 1., 4891. 5183.

6111111 5198.

6111111511, 6. 6., 501.

61111111, W.. 1439.

611111111111, 6., 1308.

6111111111, 6., 2752.

6111111111, 6. Ρ.. 3390.

6111111111, W. 6. 2939.

61111111, J. 1., 1822. 4870. 1892 .

6111111111,11.,6186,

611111111111111,1 1.,81111. 433111.

6111111111, 6., 395.

“ 61111111. 1. 01111111

6111111175562. 1580. 1641. 1670. 312389924878.
1705. 1 1.

6111111118115 (115111) 3703.
6111111611 3987.
611111111111111 59771.
61111111, 6., 3141.

611111 1. 61111111(111,.1. 1.,8193.
61111, 1. Ζ.. 1477.

6111111111 61111151029.

61111, 11. 6., 3071.

611111, 6. Ρ. 11., 2129.
611111, Ρ. 1, 3504. 3505. 3508.
61111111,.1.1. 1., 793.
61111111, J. 6., 3301.
6151111111, L. 6, 386.
6111111, F.. 8111151111.
611111111, 11., 881.

 

