1NDEx. 187

11101, 1., 1085 , 011101 010 110010, 80001. ffip.
1110010000, 11., 5040. ι 0111000010, 1. v„ 00700. 007011. 80001. 001011.

110110000, 1., 80001. 131401. 0101111010, 0. 1., 1735. 1704. 1105. 17001804.
001110010014043. 1 4118.

1101011, 1. 0., 1113. 1010111010, 0., 2158.
11011000,11.1.,10081001. ’ 1010111010,11.,1140. 1310.
11001000, 1. 1111111000. 0101111010, 1. G.. 10108100. 378. 1018 mn.
1100100185. 0101111110, 0., 4884.
1100100101, 1., 3432. 0101011 0101 1101110100 4143.
1101010 00 11 111110 4011. 0101100οᾳ 3910.

11011, Α. 11., 44451. 0100110, 0. W. 11., 3500.
110110, Ρ. 1.,1110. · ' 01000101000 3410.
1101100οο, 0., 5350. 5351. 01000001010, 1.. 11., 000.
1101111001, 1. 11. 0., 2048. . 0101100000, 80001. 00510.
1101100100, 001010, 3510. , 01111, 11.. 0080.

11011. 1. Ρ.,1514.1538.1001. · 0110 0080100001, 1.,, 2888.
11000101, 1. 1. 1„ 1005. 1010. 01101,1., 5705.

numer, 0. 0., 100.. 0000, 0110000100.
11000 800110,1.,3000. 01111011, A„ 4301. 4370.
110 101] 00 01001 3711. . Ι01000 00 8011013080.
110010 1040. 01001, 0. Ρ. 1., 0104.
11000011080. ξο1010111, 1. v„ 0087.

1100001100 1430. 1010111, 1. 11. 1., 183,
1101100οι 00 8. 10111100 01111. 1011010, 0. 1., 1410.

110111 0110001 4001. 00111111 4138
1101101,41.11.,5031. 101011,11.,0001.
1101015101,1.Β.,1110. 10100100,11.,4111.
110110100, 0., 4001. ¹ 10000000101 5221.
1100010011, L· v„ 3554. 00101010
001001010100,1., 111.

1110001, 0. 11., 10812300.

·----- ⁴ 000011110111. 1.,1800.
1000010100, 0., 3224.

0005011100, 0. 1., 340.
Emesa· 110. ,00000 1111.

Eberhard. 1. 1., 0010011. . 1011011011. 1. T. v.. 101.
01011, 1. Α.. 13. “ 000110,1. 0., 2053.
0110110, 11. Ρ., 111. . 001101,1.,4180.

0110, B„ 1111. 0010101010οὅ 4008.

011001, 1. 11., 4048 0011100110,010111011,3447.
000110, 1. G„ 80001. 40740. 00111011 811.
000100101314. ξο011010011000 (80110011) 3851.

00110100001, ’1., 0151. ,00111001 Syrus, 80001. 40οι0.
11010011100101,0.Ι G. v„ 0048. 1001111110, Β. V„ 4110.

0010001010,1., 71. 0808. 80001. 451410. Ι0010101οο 5180.
00110101,11.8,1880. . 00010111οῖ00 474.
00101100, 0. 11., 1750. 0001010110 5401.
000101841. 01840. 1000100,1. 1. X. 1., 1130.
01000.. und 100.. 0.,,0 101, 'Euam 0., 10.. 1100. 0100101. 0.,,1 1001.
001111, 80001. 380110. 011110151οἱ011 4410. 4043.
00111100,1., 0104. 101οῑ111, Α. 01, 5883.
05000,Ρ.,4058. · Ι1110011000.0.11.,.1010.
Egon, Ρ. Ν. 0., 3301. 01001100,1.1.,4004.
000111, 1. 1. 0., 2021. 01001100, 1. 0, 0801.
01051110 1578. 1010101001. 1., 4831.
0111001015, 0. 0., 4035. ⁴· · 0111110, 0. 11., 1107.
0111001015, 1., 170-7813158. 011010, Τ. 0., 133.
0111000010, S. 11.. 80001. 2500. 1011011100, 0., 4048.

141

 

