189 INDEX.

8111811, Α. 1., 35171. 811111, 8., 4999.
11111111, 11,, 188. 8115, 11 11, 8959.
81111511, fl. 1., 95781. 81151, 1. 8., 3759.
811158111, 1. 8., 3149. 8115111118. 1., 1978.

81111, 111, 19781. 9498. 811111, 8., 8151518111.
81111, 9. 11, 4915. 811158, C. P., 8739.

811111,8.1..,779 811158, Ρ. 1, 9789 9785. 8994.
8111115115,1.1., 19119888. m. 9889. 9893. 8118111511, R, 5789.

9799-11. , · Bourgery 94995.
8111111111, G„ 5999. 8111111111, 1., 8994.
8111111,1. 11, 1898. 8111111111, catalogue 81, 49.
81151111 4998. 81511, 11. 1.,44991. 44995.
81111111, 8. 881. 8115511511 1835,
Book, 1. H. 11,, 1159. 1158. 811111, ’1., 84811.
Rode, J. 8., 88718879. 8485. 81118, 1., 5679.
Rode, G. 8., 59855. 81118115115,1.1, 3857.
8181815111811115111), 1. 8.,1118 81118115115, 1. 8., 4889.
81111111, (18.8, 781, suppl· 38911. 8111811, C. 8., 9997. ,
8111115, 8., 4988. 4488. 5987. 5999. 5981. W. 81111811,1. D, 9989. 9858.
8111111158, 1818. 1885. 81118111111, 1. Α, 4949.
81151, 8., 487. 811181, 1., 9781.
811511,11.1., 9988. “ 1111181111, 8519 3519.
8115111, C. 1., 439. . 811181,1. 8., Suppl. 458711. ,
81151111, G· 1., 1931. 1888. 1749. 8111181, 1. 1., 9598. 9844. 9987. suppl. 958911.
81151111,1.8.1.81,1974. 111111,91.,1111. , , ,
81151111,1.8.,1913198119311499. 81111115, 1. 11. 8., 4596.
81151111, 11, 431. 8111191111, 1. (1., 8897.
1111151111, 11, 1939. 91111,1., 9187.
8111115, 1., 4979. . 811111, 8. 1., 4957. 4985.
81115111 985. 54741. 5994, 811181111111, 81 1., 3953.
1111111511, C. Δ, 55351. 5499. 8118511118, 494.
8111111511, 11, 878. 3999. 4999. 4998. 8498. 81111,1. (1., 1888.
815111, P. v, 988. · 9111111, 11. ,4. 8. 9597.
811111, 1. 11, 4578. 4579. ’ 81111111,1. 8., 9788.
8111111, 8., 4178. 8111111111,11., 8899.
8118111111 1, 998. ’ 1111115111, Α, 4581. 4549.
8111111, A· 11, 3797. “ 81111111,11., 814.
11111,1., 957. 899. 891. 8111111, K· A. 11, 1991.
81111111, C. 9., 3199. 5795. 5898 , 81111111, 8., 9999.
8111111111, (1., 8155189811. ’ 811111, 11, 5771.
8111111111, 0., 331. 8111111111 med. 9588.
81111111111, 8151511841. 8478. . 8111111, 1. 1., 9941.
81181, 8., 9955. 9889. 8111111111, D„ 9919.
81111 5995. . . 81151111, 1. 9., 9778. 9991.
81111, 8., 8889. 1111111, 1111191151 989, 111 1. 8115111181 8510, geg,
81191111, Α, 4379. 4373. 81511 3937, 15111115111111111 9989, 11,, 11,-,1.
81111111, 8., 4991. 5341. 11111111 4988.
81111811, H. 1., 9181. 9358. 81155111, Α, 91581.
8111, 8., 773. 939. . 81115, 8. 8., 89981.
815151, 1., 558711· 5819· 5939· ’ ., 8111151, G. 8., 59945. . ,
811151181, 1. 8., 384. 9979. ml. . . 1111181111 815894.
81181, 81, 3917. 8111111111, 1, 4954. .
81155111, 11,, 5914. 811511, K. 1. Α, 4848
1111511181 4595. · . 81111, fl. 8., 9898. mon. ..
81111111, G.. 891. 8989. 8178. 8111111, 1. ’1., 4847.
81111111, G. 8., 1593. , 1111155111, 11, 3558.
8111111115, R. 1., 3979. 4999. 1111111111, 1. 1 1, 9988.
nom, 1. G. 8, 9378. 11111111, 0., 548.
8111111, 1. Β, 3999. · 811111, 1, 1948.

 

