333 INDEX.

33333133333, 3., 347. 343 3133133,3.,3733.3733.

33333313,3.,3333 ι’ .· ' 33343331333333333 4731 ’ .

3333333, P. S. 33, 3333141713. 31334311, 3. fl. 3., 3714. 4337. 43373 43373. 373
3333343133, 3. 3., 3333133333. 3743 33331. 334433.

3333333133, 3., 1434. 3133331313, 3. Picus. Suppl. 1373

3333, v. 3333. 31333333 4933.

333331, (1. 3., 3393. 3443. 3443 313313 3173.

333331, C. 3., 4133. 31333, 3., 1493. 13343.

33333433, 3., 133. 3133333333 033333. 193.

Mercurialis, 3., 4033· 3143331433 133.
3333333133331333513433,33331.33331.’ margum mine, 1024.

333133,3.11.,3343. 314333331133,0.0.,3333

333133, 3., (3333334313313)3334. 314333331133,Ε,3333.3933

333131, 0. f. 0., 1333. 3144313. verbmmng 133.

333133 1393. 1333 1337. 1399. 314433133533 13733. 3333. 3733.

Merobaudes 31333. 3343333133, 0. 3. 3., 1393. 1373, 1331. 13713.
Moriens, 3. L. 3, 334. Modestus 3333.

3333313 03331333 34433. 3333133, 3. 3, 733.

 

3343331333, M. 4734. 3333333, 3. 0. W.. 4333 4373.
menologia 3439. 3331133, 3., 4333.
mengum). 1913. . 3333133313.

333333, Ν.. 1373. 3333333, C· 0. 3., 4333
333331, 3. 0., 333. 333. 3313. 3333. 333333, 3., 1333. 4413
333133,1).,1333.1990.1931. 3333333, 3. 3., 3131. -
113333. F. J. 1., 43344-33 3343. 3313. 333333, Η, 6043
3333333333, G. 33, 3937. 3333113, 0., 3137.

Meyer. 0., 3733. 3333, U. 333, 1333.

meyer, ἓ Α, 3334.. 1569. 13731331. 1009. 1671. 3314313333. 4. W. 1⁸⁷⁷·-
Meyer. ,0. L.. 1374. 331133,3.,734.

Meyer. E.. 3333. 3311334, 0. (13.3337.

Meyer. 0., 3341. 3311433 333.

Meyer 3. 333333, G.. 4339, 3311333-3313333 333.

Meyer, 31. v.. 3894. 331133, 3., 4433.

Meyer. 1., 1931. 3311133, 0., 4947.

Meyer. 3. 0. 3., 3334. - 331133, F. 3., 3131.

Meyer. 3. 1). 1333. 331413, 11. 3., 4733. 4333.
Meyer. 3. F. 3, 143. 333. 343. 3333331344 3373.

Meyer. 3. 3., 3234. “ 333333333133374.

Meyer, 3., 333. 3333. 3333 3343 333.· 14333. F· 4. 4444.
3333333435, nv. 1393. 333343 3333

3131333113, F. 3733. 333314333, 3., 4373.
1113333113, 0. 3., 3334 33333. ’ 333333343337. 3333133333).
3131333113, J. 1).. 333. 373. 373 377. 1313 33333133, 3. P 3., 3333.
313333113, J. F.. 4433. 4431. · 333333,3.,1333.

Michaelis, J. 3., 3344. 333433, E. 1733,

31333134, 0. L.. 33373. 33733. 3113. 333. 33343333, S.. 3974.
31333111). 3., 3333. 33343333133 939.
313331333,3. 3. 3., 1434. 3334333311.. 4147.
3131133133, 3, 3139. . 33343331, 3, 3337. ··
3131313, C. 0., 3397. 3333333343 3434. 3343 4333, SpJ. 47331313. vag. ⁴³6⁴
Mignet. F. A.. 4131. 3333333341 3333.

3113, W.‚ 4334. 4373. 3333333333, S. 33, 4333
311311133,3., 3333. 3333333133-3333333333, 0. G. 3.,1433.

 

31114313-3143334333314333 3313. 2 333313-333433, 3., 3773.
33143133333334333 4773. 3333111, 0., 333. --
311113, A. 1... 1373. 1373. 3334. 3333433, T.. 8333139433.
3114143, 3 3., 1313. 33333531, 3. Β, 1394 3337. 7933.
3114143, F· 3., 3739. ’ 33333331344133.

3133135, 3., 3373. 3343. Mol-genum, 0., 3313.

 

