INDEX.

4115111911,4.1.54.54. 9.,9179.9179. 411191, E„ 99715.

41151111, 0., 49195. 411191, Ε, 5975.

11151111, E, 9439. 4111911,9.11.1., 19951

4115111111, 4. 9. 0, 4494. 1111111, 9. 1, 1959. 1397.

41151111, 4. W. 14, 3414. 4151191, 44, 5999.

41151111, 9. Τ. 9. 1., 999 ,51511111591751

41191111, D. 0. 11,, 3999. 9949. 3999. 8131599951 Libellus 911111 philos. 9954.

11151111,4.51., 1149. 411511 91111111. (111) 19141, 111111 ebt, sunu.
11191111, 4. 14, 9191. 59111.

11151, 9. P„ 9919 1111111,9,9349

4115151111 9. Compos. 9999. 411511 9111111111 5958. 5957.

411511, 4115111151, 9947. 5115111111191, 4. 41, 9999-95.

1111111113199. 1111511111111, fl.. 9959. 9795. 4948.

411151111 ³⁰15. 9991. 41115,111111111, 997.

11111511. 91151119191111Μ. 4111511111,1.,749.999.91111.111411 .
4111515111 995 4111511111, 4. 9., 5999.

111111, 4 0.,1799.1111511111111,4.54.1.,1993,14171991,Μ

1111111411(11111111111111,(111111111191131111 1111111111.
979 = 141119115111111413111)9915.

411111111,4.,4999. ’ 41119111111111 999.

4111111 1540. 11111111, 4. E„ 1979.
41111541,4,1491. . 1515914111, 4, 999.
4111511119. 1., ml. 9715. 4115111 11911. 11 1111111111 1957.
51151141,0.1.,399. - 4111111111, 4. 9. 4999.
1111511159.. 1919. 11111111511, 14, 5971.

111111, 9, 4191. 4599. 4594. 1111141, Ρ, 4994

11111, 4. 49. st, 9115. [11195115. 4. 0., 5549.

41111, 41, 5997. , Linde, 4. 1. 41,, 19791. 19795.
4111911111115175 4111911111,9. 1.,9959. .
4111 1111111111 5999. Suppl. 549911. 4111911, 4. 9. 111, 994.

411111. 8193, 411191111111, D. 4411, lm
4111, 44,, 937. 4399. · . 4111911, 1911111111111· .
4111,4.,4493. 411195111, N.. 9199.. , ·
4111, J, 95891. 41119111, 4 W. 9, 1911.

Lenaiou, n, T, ⁴³⁸3 , 11111, 11. F, 99711. 917911 9199 9797 99191911

411115119, 0. C. 1, 9971. · ²· 99395959
[,1,,1,.,31,1,1;Ὶ1117, , · 111111, 9.,1 9979 1179.999.1911.1911.1111

Lepsios, c. 1, 1111. 1111. 1111. ³⁹⁰⁷·
41191111,51.,9945. 491111 (44134991 9499 M 3491 9995·
ιεηῇρῃιῃῃῃη, Am lffi 4141194141, 41, 0931 GM 914441 99941ὴρ5 lma

411111991111111945194599459. 393711· 5497111
4119151 5955, . 411115, 910. 1., 5594.

4111115115, 1199111111. 594511. 3499013· 31133· ’4149-9191455. ⁴ ΙΙ

11111111111,51111. 91, 5819. [1111111141 5911145961. ² '
1,11111,1,,1945 3379 41111149.1115111 99

1111111, G 1,,3333 11111111111111111199-111.
1111111110.1,1817.1111.91,1,11.111111.41111 J 111 9911119171

Lessing, 94119119-1918111111 9197599179. 31443 4· 3334·
9997141111ςί141391.479951

mes Μ B 19170 snppl- m„ · [1111115419549159111111541911. 54191

1111111111,1,1111.ι111.1111.1111.11111111 1111141671
9199. · , 51111119119174.

14911111, 4. 41, 1599. 4115411111, 4. 9, 4149
1141111115799 41151111, 4. 4., 9135. .
4111151, 0. 11, 1447. . . 411141, 4.,9199.

411111141111, 411, 49991. 111911, 4. 0.,9997. 99191 m ’
4111111, 41,,9999. . 41115111, 4. 441, 4199.
11119111111779. 411151,11.1., 14491.
11111111ς1,91111.592911. , ⁴ 1,1111111 0, 9151. 9995.

 

