190 INDEX.

, 0115515155, 17.11.,511. 051115,1“., 5019. 53405. 53405. 5347. 5828. 5840.
1151151. 0., 1004. 5841. 0139.

Fulgentius 507. 051115, 115 55555555555, 5031.
85555155, 1., 85551. 370451. 05155555. 0080.
8551555555 5573. 0511555, Α. 11. 0., 5202.
05511, Α. F.. 2748. 055515, F.¹ 3588.
11555555. Ρ.. 0027. 05155, 11., 300.
851511 einiger 115155155155 4133. 05155, Ρ. Ρ., 1078. 35711.
05514555155,1.. 85551. 343115. 05151 1551415515 017.
. 05155155 570.
··“·····“’ 0511, 11., 5511.
Gellius 85551. 547751.
0551151555, 0. Τ, 1008.
G„ F. Η. L.. 3371. 0511115155 Ρ15415,055551115,5189.
0.....1, 0. F.. 5. 0055151. 0555511285.
055515515,11. 05555 15 11, 5004. 05555155 5170.
055155,11., 2020. 0555155,1.0.,18701901.
055155, 0. Α.. 30325. 3034. 05545. 1., 2280. ’
05515, 11. 11., 2782, 05555155151155155515, 85551. 380251.
05511515,1. 0., 45. 3323-25. 4573. 0555515515 5. Ρ5555555 4058.
01551555, 0. F.. 1287. 15281. 1037. 055555,1. F. 15, 343. 301.
05545515, Ρ. Α. 15 0515111555, 3818 , 055551, 1. 0., 4831.
051111514188. 055551, 7., 889.
05155 1341-44. 0555515,1. 15 815515, 1755.
0115555. 0., 4899. 055551555, Ρ., 1773.
051511555, Ρ.. 050. 055551551555551111 5181.
0115555 5212-15. 0555551, 0. 05001500. 5559.
05155151, Ρ.. 5803. 015551, 11., 4177.
0511, F. 1., 2122. 0555551, 11., 529.
0511551, 11. 0. A. 2540. 0555551 5. 1155151551 1221.
01145515, mythol„ 5527, 51111 11155055, 85551. 322515. 0551111. R, 5113. 5500.
01115111. 1. 0. Δ.. 3877. 0555551,1., 009. 938.
05115551, P.. 8118. 05555511, Ρ., 917. 918.
011155, G. Τ.. 4518 055155455515555 1515-17.
055115, 11. 0., 1073. 05511551. 11., 3137.
0155, Ε.. 1342. 14171404. 1476. 1504. 4145. 0100. 0551555, 0. 5., m.
05555555, Η. 5., 35515. 4449. 0555555, F. F., 4300.
05555, R 0, 2718. 055551155 15 11 conception 4173.
055515, V.. 5880. (11111111.5.5.,1511
0151155, F. 1., 4527. · 05551115555,0.1“., 10701081.
0151555514555 (F. 0145) 3724. 05555515, Α, 003.
05555, 0. Β.. 5952. 0028. 05551555, 0., 4771.
0555551, 11., 5007. 0551555 0215. 9215. 0082.
0155551, T.. 3556. 0555551515 905. 012-10. 85551. 0055.
0555555,1. Β.. 1851. 0555515115 1. 1541. 11515555 (51551) 44615, d. Pehb„
0155551, Α. 0., 1084. 3808. 3809. 1815 5. 11115115 4120 (85551. 4120), 1. 15115.
05415555,1. 0., 3172. 3777. m. 1115515551 4200. 1551151555 4105, 155 811515555- 1
5η, A„ 666, 151. 4102, 155 055511. 5. 11555 3183, 155 Brit-ges
05515, F. 5., 0078. 6088. 85551. 4509 q. 5. Ρ5555155 4118,155115511551551451143, 1. Ρ55515
01115. J. 1.. 3178· ’ 81105443515115515515.
01555, R 7., 1450. 05555155, W„ 202. 323 5585. 5580,
Gay-Lumo 2975. 05551515. Ehe 1847.
0551555, G. 0., 13405. 0555155 4583.
055515 924. 055515-8515151555 1508. 1703.
05555111, 11. 0., 3804. 055155555 4730.
055555, Α. 11, 445. 4502 055555555 4730.
0541151511 1131. 8188. 05515 115555, 85551 548551.
05114511, 3119. ,0111111 11. 1115151115 1545. ,
051115, 0. 0., 85551. 22205. Ι0551551155, f. 0., suppl. 9751...

 

