186 INDEX.

91111, C.. 611. 31915. 1911111111, F. 0. 1.,1188.

91111,1.1.,1929 9111111111, 1. A. W. 911.

11111111, G. 1., 9995. 5111111111119,1111-1111111111.11111111.
911111, E.. 9115. 1911111111, W.. 1911. 11112. 1112. 81111. 171111.
91111, 1. 1., 5999. 91111115, A.. 25991. 2991. fist Μ. 2815. Suppl.
1115111, 8. 1. 1., 1111. 29911.

9111111,11. 1., 21. . 91111115,1. (1.,1118. Μ.

11111ιί1111 1919. ’ nien. 5· de. Suppl. 99911.

9111111, 1. 1111111, 1192. Ι9151111, Suppl. 195911.

9111111. G. v.. 9512. 3525. 9527. Suppl. 991111. 911111111611, 1. 1., 5959.

9115119111 1119. 9111511, C.. 9125.

nemu 1911. ’ 9111111111 5619.

911111111111 1996. ’ 1111 11111111 51921.

91311111, 9959. “ Diodorus 81111115151.

9151511111, 1., w.. Diogene· [1111111152ὤ1.

9111111, 1. 1., 1911. Dionysius Aneopnglu 1991. 1925.

9111111111 95. 9111111119111111111111, 81111529911111111. 9125
9111111811111. 2919111. 91911. 92911.

9111111 198. ‘ Dionysius Baliarum-i· 5119

911 1111, 11., 1919. ¹. .’ 191111111115199.
911111, 11., Suppl. 1919111. · 19111111111152991299.
9111111111 5399. . · ,9111111115 11. 11., 1912

91111111, 1. 11111. ι9111111,11.1,19111.1Μ.1981.
9111111, 11., 2192 “ Disputationes, 111. 1111111, 2229, m.
911111511115299-19 . 9111111911. 1111111. suppl. 5191 ιιι.
9111111158. 91111111 1111115. m.

1111111111, Α. 1, 2159. ’ ⁴ 91151111.1. C.. 1122

9111111111, Τ, 1919. ’ 9111111, 1., 1191. Suppl. 1119111.
91111111 1991. “ ,9151111111 9192.

91111151111111 511. 91111, Β. 1., 6992.
nemini-ordnung 1522. 9111111111, P.. 9955.

911111. Ο. 1., 1859. 9111111511, 1., 9199.

911511511, 11. 1. 1., 1919. 9111111111, W.. 5121. 91119.
9111111111, 1. 1111111111. 9111111, 11., 8111191991.
9111111911 15. 5596. 19111111, 1., 6991.

9111111111 32251. 1911515111, G. E.. 2111.

9111111111 2891. 91511, C. W. 1., 1129.

911111. 1.. 2616. 915111, (1111, 1159

91111111,11., 59115. 9111111111, 11. 1., 1199.
91111111111111, 8111159911. 9111511, 1. de. 5199.

9111111, W. P.. 2299. 11111111..11.. 19911

Dexippus 5165. 91111,1. 1.,9196. 9919.
9111115111, 8.,111. 9111151515,Δ.1..,2192. 2111.
91111111 111Ροί111111 5915. 9111151111, Suppl. 15911.
91111,1., 199. 911111, W.. 9151. 15151. 1999. 5521.
91111151 13115. 91111, C. 1.,1111.

9111111111, J. 111, 9111. Donat, G.. 3991.

91111111111 91111111115191. 9111,11. W.. 1191. 29955. 2951.
91111111ιί11 gr.. suppl. 591911. 91111111, 1. 11. Β, 1991.
9119111151 (115111) 5919151111111 2911,11111. 911111, W. 11., 1999.

1111111111 1999111111. 1111111111 2619. 911115, 1.. 1., 1999.
91111111511111111 599 91111511, G. A. 9211.
911111,1. 1., 9919. 911111,1, Suppl- 991 q.

911111, C. 1, 1919. 9111111111, 1., 191
9111115115, 1.,, 5192 9111111, G 1., 3912.
91111115115, 1. 1., 2291. 2119 Swppl. 22261. 9111111, 11.. 5919.
9111111, (1., 929. 5999. ’ 91111111,1., 1992.
manu. 1., 1111.. 1.,,1 aneon. j 11....1, 1. c.. 1111.

 

