184 INDEX.

01111, W„ 5040. 5048. 0811111-1118110001.

011111111. 0. 1., 3038. 0811111111811 818181111111 5004.

011111, 11. 1. 1 Sancto, 3111115001. 081111,1. 0., 30050. suppl. 10181 85001.
01111111.. 17198. 1897. 1898. “ christu-stagia 5830.

0111111,1. Β., 705. 08111111111, 1, 1404.

0111118, 1. Τ, 10981. 0811111118111111811 880.

01111111, F. 047. 081111111 1101111111. 411811. 114811.
0111111. 1., suppl. 55051. 08111111, 8. 11.. 0910 0910. 0010.
011111111, 11., 3010. tots. Suppi. 335311. 08111111 11111 904.

01111. 0. 0., 0103. 0007. 0037. 00000007. 0708 08111111 01 1111111111

0808. 3100. chronicon Furium 5010, 0111181111 Alex. 51738.
01111, 11. F· S.. 4070. Suppl. 518811.

01111, F. 1., 3095. 1 011111111111.1111111,111. 177. 178.
0111181111 5488. 0811111111, 0. 111111, 4481.

Canini, 8. 11.,111. 0811111111 00011.

0111111111, 0., 3480. 1809. 0811111111), 5105.

01111111, 0.. 3078. 0111111111, Ν, 3908.

0111111111, 1970. 10788. 1318. mi. 01811111, 1., 4050.

011111111. 1., 5031. 011111 5447-0405. 811111545οι1. 515511.
0111111,1. 1.., 8194. 0111111111 3010

01111111.1. F.. 0008. 01111111111, A. 1.. 37408.

castellio, 8, 035. · 011111115178.

01111, 0. 8., 5913. 0118110, 1. 0., 5000.

0111111111 40. 1975. 1111-11.1111.1111.1111 0111111, 1·“. 1, 48701.

0111111111 ta 44. 47. 0301. 0853. 3797. 0111111 0448. 0143.

0111181111 859. 0101-1111101111 1040.

0111181111 5757. 0111111, ’1., 553. 3
0111181111 5719. 5770. 011111, 0. 0. F. 1. Β. 0111101, 5808.
catechismus 888. 11111111. Suppl. 88111. 01111, 1., 0300.
01111811 887. 011111, 1. 0. 1., 0910.

011111 1111111 5045. ⁰ 0111111, 1, 5001.
0111111111 4140. 0111011111 5105. ’
018115080. 5083. 0111111, R ’1., 50858.

01011111 51731. 011111, 8., wi.

011101, D. 01, 330 aaa “ 01111111, Α. 01, 738.

011111 51811. 0111111, 0. 8111131811.

011111181111 18558. ctu, 11.. 1010.

centuriatum magdeburg. 514 0111111 ,1811100111 101. toe.
Gerizim, 11. 01. 958. 01111118111111400. 403. 1ὔ.
081111111,0.,81111.5001. 0111111-101111111, W. 1, Μ.
081181111111, 1, 4779. 011111011, Ν, 50051. .
081181113518. 01111111, D.. lm

08111111, Δ. 1, 0841. 3914. 01111111, 1.. 077. Suppl. 301511.
08111111111 11 ieme 5100-5709. 5738. 01118111111,1., 717.
0811011-11-1111811118513. 011111, 1, 3908. ,
081111111. 1. Β.. 1700. 011111, Ρ.. Μ. sappi. mn.

08111111 8310. ’ 0111111, 8. 01, 1390.

081111 4010. 5010. 0111111111, 1111111. 8001.

0811111111, de, aim· 0101 111111111111117001. ’

0811111811110,1“. 11 01, 4010. 4017. cote: apocryph. N. Τ. 450. 8111111. 110111111ιο1·

0111111, 1., 5017. pigi. V. t. 834, 1111111111, sappi. 5771, 0111111-
081111158331. 0111111111, 81111. 0511. ·

08111111, P. 11.,5810. 0111111, 1111111111 humatus. 313.
0811111, 11. 1.. 0110. 011111, tt. 1.. 0401. 1130.
otiu, Λ. 1.., 5011. 011111111, L L. 3790. ’
081181111 0189. 0118111, 1., 3408.
08111111114847. 4818. 0111811111,11.Τ, 8000.

08111 1111. 141. 01111111, 1).. 5075.

0811111 0007-7313. 01011111 8111111 5008.

 

