JURISPRUDENTIA 11 POLITICE. 41

(5611811111 11111111 1111111111111111111111111- 1581. 1. C. 1. 81111 8111111111 1111116111 81-
11111111 1111111511, denen 1111111111. (1111111 1111111111 u. Verffigungen‚ welche 1611 111
ein stillechweigendes 11. gaetulium 8111111111- mag. 1111111111- 1. 8111111111111-111111 111 1.
recht heilegon. 111111 1815. 8. 8. prens. 811111 1151111111 1111. 8111. 181811

1561. 1111 8111111111 und 111 ihm gegen 1111111 1583. 1. L 1111111 11111111 111 1111111111. auge.
811151311111111111111111111111 11. 8116111111111- meinana 11111118111111111111168118111111
ten. 8111. 1818. 8. -1- 1111111111 zum 1111111811111111. (16111516. 1717.

1561. 1111111111 1111 1111111611. 11116 11111 111111 4. S.

[111-811111. 8111. 1818 8 -1 1584. K. G. v. 81111111 1111116. 1. 1111111. 111111111-

15881111111111111118111111111111(1111111111. 1111111. 11. 8111. 1816. 81
8111. 1881. 8. S. 1 1585. 1111 1111111111111111161111 111 Pr. Slnlsbiirge13

15611. (3.1. 111111 1111 Pansa 81611111111111 1111114713.

8111. 1818. 81 1586. C. 1111111111 1111 Ptousa. 81181111-81111111111,

15816111111111 (1111111111. 1111111-(111111116111. wie 1111111161, 1111111111111 1113111118. 81111.
1. 1111 8111. 1888 81 1111113 1835. 8. † 11. 11. 1573.

1565. C. (1111111 1111111111 1111 811111. 18116111- Avonam 1111Κ.111111111111111111111111111, 111-
111611. 8111. 1811. 8. S. 111 8111111111 11111 (1111111, 11 11111111 v. in 111-

1566. 181111111111111 1111111111-111111111111116111151- 111. 111161.,1111.1633.11]. ,
111111611111111111111111111. 8111. 1886. 81 1587. (G. 11111111) 1111111115 zum 8111111111]-

1567. 1.. 111111111111111. 11111111-0111111131. die ,811611 111 1. 81111116115111111181111111.(81161.)
1111118111111. 8111 1887. 8.·Ι· 111111 17818 S.

1568. 1111181111 1. 8111116111]1181111811161111111. 1588. 1111111. 11111111111111 1111111111. 1-4.
1. 1111. 8111. 1881. 8. -1 Quarta! 1817. 111111111111111 (1. vall.) S.

1588. Ο.1.811111111111111111111111111111111111. 1588. v. 8111111111 11111ωεί111 &Any-Archiv
8111181881 . 1111 1111111111. 11111113181811111818. Berlin

15781. 1. 8111111111 ’11111111111161 8111111111 8. 8
111 8111111111, 111 1111111111111111111111111111 1588. 11. 1111111 1111 11111111111111111111 1111111
(1116111111 nach 111 8111111111 111 nug. 1111111111 1111 1111111161 mit 1111111111. 111
111111. 11111. 1111111111 1111111 8111181811· 81111111. 8111. 1881. 81

1571. (1111111111 bei {njuAen-Snchn3 1111 81111- 1581. (11811111118111811181111111111111·
buch. 8111. 1817. 8. 1 111111 111. 1. 8111111111 111 111111111- 1. 1111811111

1571. 11161111111111, 1111111161, (11811111111111111. 1111111161. 8111. 1818. 8. 1 ,
nach 111111. 811111111111111111111111. 11611· 11111 1581. S. 811111 8111111181111111111111111111 gun·
(1111181111111111611.11111111111116111111111111 111 81111111, 11. &audinga 111111 8111111111.
8111181181 Th. 11. 8111. 1881. 81

1573. (1111118111 1111111111.81111111.16. 1588811811111111 111111 111 1111181111 Ca·
8111151511111111 111811111111111 mit 1. 86111- mml- 11. Finauwmns 11 11118111. 81. l. 1.
11111111111111111111111. 8111. 1818 8.·1· 311 A. Berlin 1885. 8. S.

1571. C. G. 1.. 181111 81111111 111111 11111111 111 158881111111111 Unum ehemalige 8111111· u. 11·
1111111 vom Thatbesund u. 11116111116111111 1111111-1111111111111. 111 8111111611111111 Prono·
1116111111111111131111.1111 1111115111111111111 1111. 811111188881
11111151161111111111111 111111. 81111. 8111. 1585. 1. 1111. (1118111661111. 81111111111111111
1836. 8. 1 sein 1111111, nebat 111111 1111111111111111 1111111 u.

1575. 1111111 11. 1111111111 [1111118111 111 81111111 1111161111 1. (1111111161 u. 16111 (18111 nach 11.

111111.111111111.1.111111 11111111111111111. 81111111. 8111. 1815. 81
8111. 1818. 81 1588 (Ia. 111111) 81111111181161111. 1111111111 mit

1576. C. A. 1111111 1111 1111111. 81611111. 8111. 1118561611 811111111111111. 81111 811.
181881 111111 8111181681·

1577. 1.. 8111111111 81111111 1. 1111111. 8161111111. 15811. (1.1. 11111111 11111111. 1. 111111. 1111111161.
81111. 18118 1 8111. 1885. 8. 1

1578. 1111 86111111 11 8111151111-11111111111111111 1588. 111. 1. 8111111 1111111· u. 8111111116111-
1111 111 8111111111511 111 811111111111111111. 111111 111 K. 111111. 8111611111. 8111. 1817.

1588111118811818111111111 [11181161161111111111 158111- - 1118 8111. 1883. 81·

8111116111. 8111 1818 8. -1 18118. 111111111111111 81111111. 111 111111111111111111

1588. 8111111116 1. 111111. 81111111111861. 8111. 1113111111 1111111111 1111111111 11111. 111111.
1885. 8-1 81111111 511111111111 Gaetu 111. 81. 1. 1111

1581. G. 1. 81111111 (1111611111 1. 1111111. 111111111- 1.’1. 8111. 1811. 81
1111111. 1111111111. 1681. 1.. 1111111111 Die 1161116111111. 8116811111

 

