mmlx.

-ι--ι

ὼώὼ1ωωωω Ammfflmm
11111, Ρ. 11,1210. 11111111 Magnum.
111111115 111 8111111111111111 4317, 1111111131 11111111 8111111111 3991.

8115111111 2731. Albion, Suppl. 32211.

1111111311 der Sflugeth. 2731 111 1111111111 ³836. 1111111, B. 8, 1911. 2087. 2082. 2093. 1103,
11111111. 11111. 81111111. 1888 Album, 11, 1191.
1111811.1.Η.,1279.1281.12981. 11111111,1. 1 11, 1881.

1111111, B. R„ 397¹. mh, 1111110111, W· Ε, 178811.

1111, 1., 1191. 11111111, 1.,8111113711.

11111111, 1. Ρ, 4091. Alcona 1194.

111111111511 111 11111. 11 111111 11 11111111 11111111111111111111.. 2419. 2488. 425⁰.

141, 111 11111111011111111111 3710. 1111111 11 111111111εωί1. 81111. 12471.
Abraham ³⁰3. 111111111, 11. Ν, 117.

111111 (1111111118201. 18201. Alexis, W.. v. fluering.
1111111, F. 1.,1072. 1111111,1. 1., 2179. 2121.
11111111117111111111007. 11111111. 1¹0⁰. 1111.
111 1111111111111 111 1111111111 111- 11111. Ρη 8111172711.

11111198. 1111111111, Q F. 8., 88.
111’1111111111111-11111[1111111882. 1111111111, 1. 11, 3712.
1111511111111111101114908. 11111,1·”.0.,1708.

1111111870. · 111111111, 1. 1,,111,

1111111111, G„ Suppl. 14271. 11111111111204.

111111, L. 1’, 181. 1111111, E, 1334.

1111111111 184. 111111, 11, 881213.

1111111111, J. C. G.‚ 2877. 111111 11111111, Suppl. 1111.
1111111111, J. 1., 2708. Ambrosius, 811, 492. 491. 81111- 4921.
Aeta 1111. Thomu. 4100, sanctorum 0. 8. Bene· Amedeu 11111. 107.

11111 181, Pactu 0111, 81111. 40991, 811111 11111111. c.1,.‚ 1⁵⁵³

111111, suppl. ⁰2⁰q. 11111111 4981.
111ςί1, suppl. 49901. 111111, 1. 0., 3182.

1111, 11, 81111. 9841. 11111111 Marcellinus 1440.

11111112807. 11111, C. F. 1., 742. 7821. 781.

1111113, F.. 48271111. 11111111, 81111. 18071.

1111113, 1. 8., 4100. 1914. 111111, 1. 11.. 2928

1111111111 4180. 111111 211111. 81111111 1834.

111111111111114177. 11111111 10001.

111111111391. 11111111, r„ 1038 3020. 3021. ³⁰85. m, ,Μ
11111111111, 0.,81111 31811. 1111111111, 81111. 3011. ,
1111111 1171. 11111111,1. 2., 8221

11111111 11841. 11111111, 1., 1791 1
11111111 180. 11111111, 8., 1812.
111111 11111111 1149. 111111, 11. G.. 2177. .
1111111111293-91. 1111111, 1, 2488. 2173. 2811.

Aeschylus 1088-79. 11111111148731.

Aesopus 1011. 111111, 1., 31 4991.

18111111 11881. 11111111, W.‚ 2118. 2218. 2111. 28801675,
111111111 172. 1111111114479.

hren, 8, 38141. Anhang 111 81111111111111 1118.

11111111, G. W„ 1101. 1111111111 111 1111111111111 3124, mr Kanumir. 1,,
11111 Ebu 1111111111 1800. 1111111111 8197, 111 [11111111. 1187, 111 1111οὸ.
111111, 1. C.. 2271. 23311. 1111111111, 81111. 31181.

111111, 8., 81111. 28821. 1111111511 1111 1111111 1789.

 

