INDEX.

955115, 1., 1996. 1917. 955155, G„ 9951.
9555515515 1189. , 955515551, Ρ, 85551. 49115.
955511, Ι, 1181. 9555515155, 0. 011, 4411.

955551, Α. Τ, 1555. nomentanum&wezbawlmfflsuppmwl.

955555, 0., 5871. , 9555551, 8., 5551. 5851.

95551551 9419. 955555155, 1. 9.,1199.

955551, 1. 0., 11 95555, A. 0. F.. 4695.

9555555155,1..1899. , 95155, 9. W. 11, 1994. 1499. 1496-98 1519.

115555 179. 85551. 4155. 1115555555, 9.. 5819 5814. 6199.

9555555155, Α, 41515. 9515115151.

955555155, G.. 519. 95115555, Ρ, 59915-5999. 5518.

95511555, 1.,4111. 955155, ’1. Ι·“, 1851.

955511555, 0, 4959. 9551551, 1, 151.

9555, 11. 555115515, 41655, 1. nimbum 1558. 9551155111, 9., 547.

9555, 1.. 5., 1899. 4818. 4951. 9151155555 (555 51151511.

9555555511, 9415. 95555, 8 5., 4881.

955555, ,4.,9789 · ' Byron 9151-54.

955555. 0., 1479. 95515951 51ῶ515.

955555, W. 11.. 1117. -·---”

955555115,Α..4.5,19895. (1, E. A. 9, 4658

95555515, 1., 1599. 4119. 4114. 419& 4858. 4951. emilius (5. 05555551) 795. “

95555155555, A„ 85551. 4885. 0551155 4555115555 54815.

9551155515, 1. 8, 9941. 055155, 01511115, 5198-5419. 85551. 54915.

95111555, 0. 85551. 49115. Mum 49895 0555155. 9., 85551. 18695.

95115555, 1. F, 998. 85551. 551915. 05551111 4919.

9555555, die 14, 154. 85551. 154. 05155 9511551155, 1, 1169.

95555515, 0, 1141. 4561. 5845. 85551. 81151. 051551555, Α, 85551. 59105.

9551515, 0. W. 5, 5548 854. 05111555 5615. 5516. 5818. 5581.

9551511, 8 1., 6145. 05111555555 51191. 51195. 5111.

9551511, 11. 5.,(115555115551555) 4191. 01155555, E. Ρ. 1.,, 5694.

955515, fl. 5.. 4917. 011551, Α, 117.198.148 5115.

9555115, F.. 1191. 05155155. Α.. 176.

11555555, (1.4,91949155 59555191. 05155555155, Τ, 5991.

9555555. 11, 1989. 1948 ‚ 01151551, 1., 191. 994991. 668. 85551. 9915. 5515.

955555, 1. 0, 1988. 1118. 4988 05151555, 1., (11155 8151) 961.

955555155. Δ. F.. 9855. m· 01111555, 151155, 711.

955555155, 1. 0. Τ, 97751. 4515. 4515. 4614. 055551515, 1551555, 51715.

95511555, R, 9599. am · 0155555155,1., 5459

951155 1191. 27ae. 05555555, 1. Α, 181.

95555, ’1., 5599. · 05555511, Α. D.. 5545.

95151515, E, 1118 0155555,1555555, 51865.

1151155155 558. 559. 5595. hm. Caninius, 9., 548. 999.

9511511555191 “ ’ 015555155, 1. G. 9., 9859.

9111Ῑί11911. 1.. 5489 . 015555111115, B. 11. 115, 5159

391190ῐῖ911. Μ· E. 5., 15515. 0555555 (15111551), 85551. 5115. 51115.

99111011 E· Ia, 915151. 1116915. 51915. 05511511, 0, 1477.

95511, 1155 55111115555, 4198. . 05551515, P. 5., 99985. 4951.

Β9119911 G· 911111 19915118 9951. 055155555555 5184

3911911911· ww 53²9· 055151155, Ρ. 1., 4919.

Buranun, 11. 119 canus, 5, 51551. 1111. -

9515155581, G. 9., 5157. olm-'em ema-c« 01511511551,151155,54191-5.
6196. 6141. 8144. γ 05511515115551 17195.

95511155, 0. 1., 191955. 91511181. 1157. Μ. 0551155. 0. 1... 1459

Burs, 115111 5.,.5..11,1.1..1151.

Burgum, J· 1.. 1515. · cappellus, 1... 511.

3911911091 J· 0.. 1919. 0551115, Τ, 5911.

99199911. 191599. 05515551, 9., 9919.

9111555149.. 2²82· · 01511155155, 1. fl„ 1948.

9111151. 1. 9. 1118. v 51111151. 5. 5515.

 

