616 IN DEX.

64114444448444414764444. 6444144 6144444 64764. . ’
6414444111144 11641446. 4661. 6444644 6966. ,

, 641446414444, 6. 4. 1),, 1444 ’ 64444464114441411444 4134 4, Thm 1343, 0
64144414613176. 4614. ⁴ 64444166414464464 w.
114144444644466. 44411646. 644444644 466444166674, 116. Qud-Bam&
Urbanus 6111.Ι Suppl. 646744. 1141464444 69614.

64444644 444 ’164444444 1163. 6441641414444(64414441) 1646.
11414444, 11. 44, 716-7611. verny, 11, qul· 96161. · .
111444, F.. 4., 6666. 644441464144 966 6666. 3461. Bw, ³⁸1⁵. 45454,
’ ..-..-..... 1661, 4666. 8444136664.
641144, 4., 6311, 6516. 66646.
6.....4, 444. . 1444..,4.44.,4444
64444414 6669. 6144414 (8411141) eom.
64111441, 6. 6. L, 1666. 614114, L. 6., 1371.
64111441, 6. 14, 4644. 4946. 61441, L. 1., 3176.
6414144444, L· 6, 6696 6144,1. Β, 1616.
6414144144, 6., Suppl. 416944. , 614144, v. 44441144.
6414411, E 1. 6. 44, 6197.. 614144144, 6., 6461.
64144114, 6., 1964. 6666 ’ 61444 6141441967.
641441141, F, 4673. 6697. . 61414, 6., 84441 wa .
641441141,4.,36176. 16714. 46711. 6144444,6.,1494, ’ ·
6414411414444, G.. 461. . viem, 644441. 436714.
6414414444, 1.,6 696. mo. 6761 61444144,11,746.
6414414461444446401. . 61444144, 8, 196.
64144444114444444 61934 64636. 8414444444 6111111141.. 6671.
64144444 Probus 6136 6136. 84441 64314. 6111444110, 6444464448, 844441. mou.
64114, L, 8444141654. 63664. 6444441444 641144444444416.64Ρ,41 1341.
641144444,6.,6166. ’ 614414, 64, 4369.
64114, P. 44114, 3946. ’ “ · 614414,14.4.,4766.
641144, 44 144, 4171. ’ 6144 111114444484441. 6641144,
141144·(114144,64.,4141.· , ’ 6144111446371-6374.
64141116661. 6666. ' ·' 61446,6. 44, 694.
644441144,1).,6663. · · 6144644, A.. 4961.
644444, ER. 64 4, 4466. 61444411, P. 6669. 6611.
644464444 44411444,6.4.,3647.41646.14694 611111641111111111141146611.

11696. 4667. . vinwnnhssnlrcjnwae, ··
64444 6476. 6476. 6144444164 6444644444 1164114 6666. ,
644441, G.. 3616. 6114 44 6411144 4666.

64144, F.. 6666. 6114144144, 6.,11. mlh.
641441. 8., 664. 616. 6666. 6776 6911. 61141444, 6., 361. 341,
64114, 16.,646 1144444444444. 618116.
64411, 4441664. 614441. L, 6.
64444444,1’.,644441.19144. ’ 61444, A. 6676.

64116, 1. E.. 6649. . ,, . 64446414414 44114 6444444 sm·
64114144 6414444144 6166. , 64446414144 14444. 6616.
6414444, 4. A. L. 111, 6166. 644464144141144401414446916.
641446144,6.11.,6661. ¹ · 6441144, 6. 11, 4649.
64144644,1.11,,4661. . , · . 6441,1., 1363.

64444441, 6., (414) 6694. 64441, 6., 66666.
64411414114, 1),, 6966. 64441, 6. F, 6766. 6767.
6444444, 6. F.. 3666. . 64441, Ρ.. 3319.
6444444414 6444444, de, 3617. 64441, S. 6., 6161. 6166. 6667.
64444, L. v, 47674. ⁴ 6441, F. 669.

64441Ιί44, Polydorus, 3767 644144, imm. 1763.
644144 444 1144444671. 6441, C, 6336. 649.
6446444144444 (114441146Ὴ,1644144644>3”664(64. 6441, 6. 66., 3661.

4444664144)ὥῶ 6441, 6. F 16, 6631.
644144,1.4.,6366. 64411, 1., 3664
6441464, 44444, 666). . 6461, 6., 3666.

 

