INDEX.

046661, J. 11. 4. m, 4044. 0011665644, 4., 3764.
Gestorum 616. 4457.. . 0611664614, W„ 4664.
4445644666,1., 4444 446664, Β. 0., 4704.
045566, 44, 4054. 06656, 1. 4., 456
0441661,1. 4., 4447. . · 44664666, 1. 0., 3076.
04666. 4., 5014. 0665666 46 Remum-1, 46. 4799. 4919. 11186,
0466616661, 44., 4304. 066646, A. W„ 756
04441661, 4.. 14640456. 066646, G. F. ν, 1934. 4301. ma 2449. 9461,
94443, D.. 34444. “ ’ m
0466646666, C. 4.1, 34636. 4466646, Ε. ,4., 4547.
0463644666 6494. 066646, 4., 646. urb.
046665666666, 4., 6046. 6019. . 066644, 44., 1510. 4511.
04666466, 8. 430. 91111444. 44. 0. 4. W„ 4044. 4550.
0466566656466616446, 4. 463646, 700-744. 06644, 44. 0, 50606. 5993. 5994
044646, 4). de. 005. . 0666661466 4446666116 5647.
0446666466, 4., 4143. · 06666666, 1. Β.. 4034. .
046566, G. 1., 4739. 5467. 0666611665, C. Ρ. 44., 473. 491.
4446666646 466 5340. 4466616666, 46541466, 5744.
0466666 m. 0666666666 marchio· 5343. ,
0166666441, 4443. 0666166144 4. 8466, Spr- 6404.
04664 3734. 0666166, 0., 545.
filum, c, F„ 1228. 1371, 1461. 0664666666, 4. 44. 0., 3454. 6835· w. 5040.
04666, 4. 44., 5069. 0664666666, 1. 0., 3376.
alym 5176 066146666 441446. 86664. 44144. 14146.
0666446,.1. 4., 4563. 0661466 46446666 5304.
amelin, 1.,, 2101, 21⁰9. 6669, m, 0666666, T. (1., 1146. 6161. 6164. suppl. 41646.
0666446, 8. 0., 4634 066666, 44. 1.,411.
066461 1560. 50666666ηὰ66, 0.1.,3046.
0666641646,’ 41, 4487. 0665416, 0. 44., 3676.
066466466, 44., 3047. 06466661, 161651.
06466, 1466664, 4167. Gregorius Magnus 506.
06666, C. A. 0,, 1801. Gregorius lx.. Suppl. 141446. 44446.
066466, 44666 4., 4940. 066666466146646666666 4706. 47016
0666666, Ν. ’4., 1703. Gregorius Nyrsenur 474-73.
οοερρηι, Η, R„ suppl, 2835111, Gregorius Thalamus, Suppl. 9674. 10064.
eoem, Ε, c, Α, γ, 615, Gregorius 6 8. Vincentio, suppl. 337066,
06666564, 0. 4., 735. 750. 6044. 3044310444451. 4466446666, V.. 500.
86664. 34046. 06644, A. 4., 3443.
0666641661. 4. L.. 44866. 94444, Cr 8⁶5·
0661416, 1. W. v.‚ 4664. m. m. 4044. 6403. 4444440400, Η· M· 446 3844· 4495.
6404. 86664. 64035. Gran, 4. Α. 0., 4546. 40056.
0661166 5546. 4466644641, 0. W.. 3464. 3465.
Gom, 1., 1111. 6316. Gran, 41. W. ³⁵8⁴·
Gom, ,1, A„ 2785, 4466666416. 4. Α. 4. v.. 450041.
063661, Δ. Υ, 4060. 0646566, 4.,, 5333.
06456666, 8. Μ. Χ, 4034. 06466664664, W. 44., 3401.
0644661 rb 446464664614, 44., 4099. 944444, Aa 8111434616.
Gommnn, G, Α, 4,, 6169, 4144554404016 L· W. v.» 4449.
06446, 4.,, mh. 064446 46 86666446, 46, 4163.
064466, 4., 5006. . 06466664, 46, 4104
064466,1., 55946. 0646666 3647.
06416, G. 4. 0., 11. 464. 4504 0646666, 0., 5701.

4466664, 41, 4033. 0646666,1., 1767. 5040. 5094.

0664,1. 44, 86664. 463466. 064666 4465.
066466,1.,3760. 0664166666 4400.

0666646666, C. ,4., 4979. 06666666, 8. Α. 1. 46 4466666, 63616.
0666466, 0., 1546. 1565. 066666466, 1. 4., 4090
0666666,1., 404. 700. 704. 0666, 0. 44., 086.

0616666 5637. 06666146, 0., 86664. 474666.

 

