INDEX.

8555155 1155 1151555 1117, 1155351555 3570, 155515·
girulo 155

855511 1511 155111. 5501.

1155515155, 851, 178

8511551511 15511551555151 1838,1. 551515 3135,

111111..

Antigono· 0151511555119.

Antiphon 5188.

85155555551, 1., 1011

85155, C. G.. 3659. 1305.

Antonini, 8., 5895.

Antoninus 8555151. florentinus, 85551. 517 w.

8515511155, 1151555 85551151, 5181.

85155155 31151555, 85551. 59515.

Antonino Prnormito, 85551 11551.

d'Antrrignoo, Comto, 1101 ,

8511511555 tiber Chlor 1168, [amoenatur. 355155-
uig 3615, 155 1155115115 1511.

85551555, 85111555555111, 1155511551· nov. Krng 1596.

Armiger, 1. 8511511.

855 3310.

8555111555 1091.

8515155 5181.

85511155515 81155155 5115.

Apollodorus 5311.

8551155155 Pergaeus 5197. 5118

8551155155 1155111115 5111. 5113.

Apollonion 85551515 5311.

85551, 1., 1513. 1519.

85551, 1,, 3810.

85515551 51615. 51515. 85551. 5151 rm.

8551515151715. 51715.

855155 5108. 5109.

Arebroologio 8515515555 5159.

85555555115,1. W. 1.,11675.

855511 115 3111551111. 751. 11515551115555535551
1556. 111· die 01511555, 85551. 351551

Archontolugio 3851.

8555, Ρ. do, 1519.

8555555, 8. 115515 dr, 310.

8551155, 3., 85551. 31315.

85515555 5110.

8551151155, 1., 1977.

Argentum 1.,6015.

Ariorto, 11., 5907. Ι

8515155515515096-5101.

851515151555111-5171. 85551. 511151. 5117111.

Arjnni 1155 56185.

8555515155155 1718.

Arndt, 11. 11., 517. 1115.

Arndt, 1., 755.

8551111.. 935.

855115, 11., 1370.

855115, 1., 3939.

855115, 35111511, 85551. 61031.Δ

81555155 190. Ι

8555111, 8., 3053. 3136. 3118 3891.

811155515159. 5150. 81551. 51585.

8551555,1. B. 15, 5881.
Artis 15511555 principes 5110.
851555 51555115115, 85551. 5985.

8555551511, f. 11., 15815. 1811.
81515515155 5106.

Augu-Buri) 1775.

85555, 8., 85551. 390151. 39015. 15755.

8111555, 1., 1113 5913.

811, 1., 3000.

85151155, Ρ. P. 115, 5875.

85155155 151.

851555 187.

8155555155, 85551. 1595. 1691.

Atheniens 53055. 53055. 5305.

81155 155 35515151 1358, 155 115515551677.

81555515115696

8111 55. 1660.

855555, P, 5371.

851115,3. L. J. 3., 11.

8515515 1671.

Auliltruogen 1555 1155555 1309.

Animnntorong 3710.

8515515, 11. 1., 1075.

Aognot, 3. 1., 11713165. 3181. 8111-3881551.
53365.

Augusti, 1. C. W„ 510. 85551. 91651.

85555115, 1. 11.,1501. 1633.

85555115, G. 115 8., 5711. 5713

8555511555, 85551., 197-501. 85551. 5005. 50011.

Augustinus o 1155115511 581.
85551155 Victor 51131. 5111.

, 8551151155, 8., 1901.

Auoeinondorretrnng 889.

8511555555 (35511551) 1715.
Anrlegnng 155 Evg. 155. 5990.
85555151 5103. 5101. 85551. 51015.

855155 1155 3515511515. 875.

, 8515551515, 1. 11. 1., 1053. 1611.

81511155, 1. 11., 3786. 3799.
8151115555 5668.

’ 8115551 53915. 53915. ,

81115555 1955.
811151506. ¹
8551155515,11. 55,85551. 189315.

-ῦ-,ύ-η-

B, 1., root

3.,1, 5810.

3, L. 1, 5015.

3., S. 11., (8511555151) 1111.
3511155, 1., 3019.

3551155, 1. 1., 3117.
35115555, C, 3115. 1751. ,
3511155155, 3., 5651.

3555, C. A. 1515, 1513.
35511,1. 8., 1311.

3555,1. 11., 3151.
35551555, W. 8., 1896.

¹ 3155151511, 1. G. 1., 1580.

231

 

