LINGUAE 8011088888157

811858811511111151111111115111511. 1111111111. L 31111115151511111111118511111111111
8. 1· 1118511111, 8111118111, 1. 1. 8,·1·

5812 (P. L. 01111111) 0111151511 811 111511 5837. 0 D 1111111111 1111111181 813111. 2. 38.
1......11111111111.111111,Ι 1111. 1111. 11 ,

5813. 8311111111 811011115111118111111151 5838. 81111111111111111111 1111111185111-
Verbum. 8111. 1831. 81 811111111185. 8111. 1 1. 8.·1·

5811. ·- - ·- 2111113. 8111. 1833. 8. † 5833. 8. 0. 11811111 8111151 51115115. 311 Α.

5815.1118111118.8111815111181111111181111131111, 8111183281- ’
111118111151181151115118118818111, 1111111. 8.011111181111511.1115115.17118,8111,

5813 88171111. Trea 81 1115111. 1115111 811· 5311. 0111111111 81 Ia 1113111111. 8111. 1835. 121
11111. 811111 8111183581- ’ 5812, 8. 011111 811115105111111111511. 71111.

5817. II G· W. 8111118111151 851111 111 851111. 13111. 1833. 81·
811. a. 0. 1837. 8. † 5883. 1.. 111111 u. II. Nom 1111811. 8. 8111151,

5818 7115151151111111111115-1511111 81111511. 1111111111, Pron. 85111811 Anu. 11111.
11. 11. 1111, 1111. ass · . .: 1111. 11

5813, 81111518. 8158518111 1118. 1111151. 01111- 51114. - -· .- Th, 1, prowm hi. ,5151115311
1111111, 111 81111. 811 8111515111 1111. (13111. 31111115. 8111. 1838. 8. ··- 8112. 8115111511
0111111111 1515181511 11118111. 1828. 8. † 111· 1111111511. 311 11111. 8111. 1837. 8 ·- 8113

58231, 0111111151 81 1111111111 1151111111, ptr 81181111111181111111111 1111111111111111111
L LP. Η. Ρ. 11. 11111. 1832 8·† 511151. J. 181111 81111833810111. 1836.

58235. 01111 151153 81 5511111 28118. 13111-Τ11,1.81181151118,11111111.11111111
111111 - 1111111111,1 .

58218115 Le 1111111111 11111111. 3111. 1831. 5815.0,8111111111.8.11111111111111 111115. 811
8 ¹1· . · 11111113·11151.851111111.511111111811188111.

5822111. 811111 5111511 0115111111, 2118111 31111833-11111111131111833-8111111511
8111,.·1831.8·Ι· . 811,111..183581·

5823. 8111 1111111115 1111588111111111151115313, 08811111111111 815111151511111111518.
11188111111111111811115111151. 1111118231. 2 BerI.¹ 1833-33, 81
8. † 5817. 8811111111. 8115111511 1111151. 8111111111

5821. [1881111111 811118111111115 1111111- 811118111. 1, 8111815111. 8111115. 0111111-
11111111111 1111 8811111511 1118111151111111. 13111. 3. (3 111118 811111 811511151111111111511811-
183118. † 1111111.) 15111. 1835 37 85

5825811111111111 1 1. 8811111111 31111 -—-—·—-*
811111. zum 11151111. 8. 1111111511 111 8111151 5818. 81011111 11155111 1 II 11 1111111111 811
8111183581ι 5111115151111111111851581151151111181811

5825. 03. 8111111111 8111111. 81111111. 1118111- 111811111111111511111111 11 11111111111111
11111111, 11111111 1118 1111811111 8111111111 511 111 515111355111 811111 11 81 1.·1111111 Paris
51111811111811.11111.1831.8 † . 18318. 1

5827. 8181111181111 Lm- 1. 18311115. 8111. 5813. 5115151111811111 818111111111181181111
1828. 8.† '. 111101111111181115111,11311831181 15151111

5828. 8. 01111111 81111. 111115. I. Auflngoe, 11511 811 1111115111 81 11 111511 8111111111 (palu.
11111111111011111111111.13118111. 8111. lm I’Lveque 81 11 1111111111),Τ.1.81111 1712.
8. 1· ’ 8. ⁴*

5823. S. 81111 11115. 18111151, 8118111131. 5853. G. 1. 8111111. 011111, 8111111111 811 15111
111111. 711 1115. 8111. 11111 † . 81515. 1111115111111111811151111151. 881115.

5830 ·- --·811 1111513111 1835. ’ἱ185 Gaudy. 8111. 1837. 8. †

5831. 811183111115111111111111111 111111111111- 5851, 11 0111111111 011111181111111·1111.38,
.11.111..1..11111.11 11....11111111111

5832 PL. Imm 11111111 1111111111 5118. 5852. LII. 1111111111 8111111 15111111. Τ.1.
8111. 1827. 81 11111, 1777. 8 8

5833 --··3111 58. 5118. 1111111111. 8111. 5353, numanum 815111151511151111111
1835. 811 . ’ · 11111111111111.011511177188

5831 111111151111111, 1111111118 BI- 5851. Χ. 1111111111 81111111 11111111 311111111
11118, 11 0111111111 81 81181111, Bul. laes. 8’8111111511.811Ι,1833. 8. 81111. 8111183181·
12. † 5855. 51811151111111111810118111811311

5335. A. 8111111 Lo 15111 11 111111 1111111, 111111181-1.Αι111.1727-·35.8.8.
1118. 511 II. 81511. 11111. 1, 1. 81· ’· 5853. 8111111111 1111111111 81 8111111511. 11111.

1721881. ’ .

 

